0
34.5439,-106.7981
33.4780,-107.2208
201
33.4780,-107.2208,34.5439,-106.7981

1
33.4780,-107.2205
34.5438,-106.7978
21
33.4780,-107.2205,34.5438,-106.7978

2
41.6535,-104.8439
42.6081,-105.1181
343
41.6535,-105.1181,42.6081,-104.7915

3
41.6535,-104.8433
42.6081,-105.1172
343
41.6535,-105.1172,42.6081,-104.7913

4
43.4927,-106.4475
44.3685,-106.6903
344
43.4927,-106.6903,44.3685,-106.4475

5
43.4927,-106.4468
44.3665,-106.6892
344
43.4927,-106.6892,44.3665,-106.4468

6
36.2183,-104.6591
36.9939,-104.4806
12
36.2183,-104.6591,36.9939,-104.4243

7
36.2183,-104.6586
36.9939,-104.4804
12
36.2183,-104.6586,36.9939,-104.4241

8
42.6081,-105.1172
42.8398,-106.0728
283
42.6081,-106.0728,42.8417,-105.1172

9
42.8394,-106.0728
42.6081,-105.1181
103
42.6081,-106.0728,42.8412,-105.1181

10
43.4927,-106.4475
42.8394,-106.0728
150
42.8384,-106.4475,43.4927,-106.0728

11
42.8398,-106.0728
43.4927,-106.4468
330
42.8388,-106.4468,43.4927,-106.0728

12
32.7801,-107.2589
33.4780,-107.2205
3
32.7801,-107.3188,33.4780,-107.2205

13
32.7801,-107.2594
33.4780,-107.2208
3
32.7801,-107.3190,33.4780,-107.2208

14
32.2464,-106.7221
32.7801,-107.2594
314
32.2464,-107.2594,32.7801,-106.7221

15
32.2543,-106.7273
32.7801,-107.2589
314
32.2543,-107.2589,32.7801,-106.7273

16
41.6535,-104.8433
40.9982,-104.9066
185
40.9982,-104.9066,41.6535,-104.8375

17
40.9982,-104.9069
41.6535,-104.8439
5
40.9982,-104.9069,41.6535,-104.8382

18
38.5199,-104.6314
37.8911,-104.8291
197
37.8911,-104.8292,38.5199,-104.6040

19
38.5199,-104.6311
37.8911,-104.8288
197
37.8911,-104.8289,38.5199,-104.6038

20
38.5199,-104.6311
39.1298,-104.8637
339
38.5199,-104.8657,39.1298,-104.6311

21
38.5199,-104.6314
39.1298,-104.8639
339
38.5199,-104.8660,39.1298,-104.6314

22
35.5525,-105.7180
35.7716,-104.9991
73
35.3919,-105.7180,35.7716,-104.9991

23
35.5533,-105.7180
35.7716,-104.9994
73
35.3922,-105.7180,35.7716,-104.9994

24
40.3492,-104.9813
40.9039,-104.9431
3
40.3492,-105.0016,40.9039,-104.9431

25
40.3492,-104.9809
40.9034,-104.9431
3
40.3492,-105.0012,40.9034,-104.9431

26
36.9939,-104.4806
37.4950,-104.6704
339
36.9939,-104.6704,37.4950,-104.4803

27
36.9939,-104.4804
37.4950,-104.6699
339
36.9939,-104.6699,37.4950,-104.4800

28
35.7716,-104.9991
36.2183,-104.6586
37
35.7716,-104.9991,36.2183,-104.6586

29
35.7716,-104.9994
36.2183,-104.6591
37
35.7716,-104.9994,36.2183,-104.6591

30
39.1298,-104.8639
39.5660,-104.8724
358
39.1298,-104.8978,39.5660,-104.8502

31
39.1298,-104.8637
39.5660,-104.8721
358
39.1298,-104.8975,39.5660,-104.8500

32
35.5533,-105.7180
35.5025,-106.2487
264
35.5025,-106.2487,35.6380,-105.7180

33
35.5021,-106.2487
35.5525,-105.7180
84
35.5021,-106.2487,35.6375,-105.7180

34
37.4950,-104.6704
37.8911,-104.8291
338
37.4950,-104.8359,37.8911,-104.6704

35
35.5025,-106.2487
35.2179,-106.5740
228
35.2179,-106.5740,35.5025,-106.2487

36
35.2179,-106.5737
35.5021,-106.2487
48
35.2179,-106.5737,35.5021,-106.2487

37
34.8700,-106.7352
35.2179,-106.5740
24
34.8700,-106.7352,35.2179,-106.5740

38
34.8700,-106.7347
35.2179,-106.5737
24
34.8700,-106.7347,35.2179,-106.5737

39
34.5438,-106.7978
34.8700,-106.7347
10
34.5438,-106.7978,34.8700,-106.7347

40
34.5439,-106.7981
34.8700,-106.7352
10
34.5439,-106.7981,34.8700,-106.7352

41
40.3492,-104.9809
40.0293,-104.9804
179
40.0293,-104.9809,40.3492,-104.9787

42
40.0293,-104.9809
40.3492,-104.9813
359
40.0293,-104.9813,40.3492,-104.9791

43
37.8911,-104.8288
37.6320,-104.7683
166
37.6320,-104.8356,37.8911,-104.7683

44
39.9758,-104.9880
39.7911,-104.9884
180
39.7911,-104.9906,39.9758,-104.9812

45
39.6237,-104.9017
39.7911,-104.9888
332
39.6237,-105.0184,39.7911,-104.9017

46
39.7911,-104.9884
39.6237,-104.9014
152
39.6237,-105.0181,39.7911,-104.9014

47
39.7911,-104.9888
39.9685,-104.9882
0
39.7911,-104.9910,39.9685,-104.9831

48
37.6320,-104.7683
37.4950,-104.6699
144
37.4950,-104.7683,37.6320,-104.6699

49
40.9982,-104.9066
40.9034,-104.9431
201
40.9034,-104.9431,40.9982,-104.9066

50
40.9982,-104.9069
40.9039,-104.9431
201
40.9039,-104.9431,40.9982,-104.9069

51
39.6237,-104.9017
39.5660,-104.8724
153
39.5660,-104.9017,39.6237,-104.8724

52
39.5660,-104.8721
39.6237,-104.9014
333
39.5660,-104.9014,39.6237,-104.8721

53
39.9757,-104.9882
40.0293,-104.9809
7
39.9757,-104.9882,40.0293,-104.9809

54
39.7911,-104.9886
39.8274,-104.9828
9
39.7911,-104.9886,39.8274,-104.9828

55
39.7635,-105.0023
39.7911,-104.9886
26
39.7635,-105.0023,39.7911,-104.9886

56
40.0293,-104.9804
40.0003,-104.9807
180
40.0003,-104.9807,40.0293,-104.9804

57
39.9859,-104.9877
40.0003,-104.9807
26
39.9859,-104.9877,40.0003,-104.9807

58
39.9758,-104.9880
39.9859,-104.9877
1
39.9758,-104.9880,39.9859,-104.9877

59
39.7602,-105.0055
39.7635,-105.0023
43
39.7602,-105.0055,39.7635,-105.0023

60
39.7604,-105.0057
39.7635,-105.0023
47
39.7604,-105.0057,39.7635,-105.0023

61
39.9685,-104.9882
39.9722,-104.9882
359
39.9685,-104.9882,39.9722,-104.9882

62
39.9722,-104.9882
39.9757,-104.9882
359
39.9722,-104.9882,39.9757,-104.9882