10
45.5254,-122.6617
45.6454,-121.9221
80

30
45.6451,-121.9221
45.692,-121.4412
84

28r
45.692,-121.4412
45.6352,-120.9145
96

52r
45.6353,-120.9145
45.7313,-120.6493
70

18
45.7313,-120.6493
45.8015,-119.9995
83

24
45.8015,-119.9995
45.8025,-119.4348
89

0r
45.8025,-119.4348
45.429,-118.358
109

16r
45.429,-118.3582
45.0187,-117.9224
133

4
45.0189,-117.922
44.3015,-117.2373
136

32
44.3015,-117.2379
44.0067,-116.9414
134

44r
44.0069,-116.9411
43.8072,-116.7522
136

34r
43.8072,-116.7526
43.5969,-116.4735
126

22
43.5969,-116.4735
43.3645,-115.9749
114

6
43.365,-115.9749
42.9427,-115.0867
115

26
42.9427,-115.0867
42.7422,-114.6169
113

14
42.7419,-114.6169
42.5764,-113.932
103

49r
42.5767,-113.932
42.569,-113.6306
91

8
42.5687,-113.6307
42.1683,-113.0
122

54r
42.1689,-113.0
41.9994,-112.8325
135

2
41.9994,-112.8335
41.3365,-112.0344
129

56
41.3365,-112.0341
41.1527,-111.9751
162

77
41.1527,-111.9784
41.1411,-111.9559
117

73
41.1403,-111.9551
41.1372,-111.915
94

72
41.1374,-111.9151
41.1379,-111.8613
89

40r
41.1387,-111.8561
41.0528,-111.5298
104

64r
41.0528,-111.5299
40.973,-111.435
130
