0
45.4290,-118.3580
45.8025,-119.4348
289
45.4290,-119.4348,45.8025,-118.3580

1
45.8022,-119.4348
45.4290,-118.3582
109
45.4290,-119.4348,45.8022,-118.3582

2
41.9994,-112.8335
41.3365,-112.0344
129
41.3365,-112.8335,41.9994,-112.0344

3
41.3365,-112.0341
41.9994,-112.8325
309
41.3365,-112.8325,41.9994,-112.0341

4
45.0189,-117.9220
44.3015,-117.2373
136
44.3015,-117.9220,45.0189,-117.2373

5
44.3015,-117.2379
45.0187,-117.9224
316
44.3015,-117.9224,45.0187,-117.2379

6
43.3650,-115.9749
42.9427,-115.0867
115
42.9427,-115.9749,43.3650,-115.0867

7
43.3645,-115.9749
42.9424,-115.0867
115
42.9424,-115.9749,43.3645,-115.0867

8
42.5687,-113.6307
42.1683,-113.0000
122
42.1683,-113.6307,42.5698,-113.0000

9
42.1689,-113.0000
42.5690,-113.6306
302
42.1689,-113.6306,42.5725,-113.0000

10
45.5254,-122.6617
45.6454,-121.9221
80
45.5254,-122.6617,45.6454,-121.9221

11
45.5255,-122.6607
45.6451,-121.9221
80
45.5255,-122.6607,45.6451,-121.9221

12
41.5200,-73.9970
41.3578,-74.6953
256
41.3537,-74.6953,41.5228,-73.9970

13
41.5195,-73.9972
41.3578,-74.6955
256
41.3535,-74.6955,41.5225,-73.9972

14
42.7419,-114.6169
42.5764,-113.9320
103
42.5741,-114.6169,42.7419,-113.9320

15
42.5767,-113.9320
42.7422,-114.6169
283
42.5744,-114.6169,42.7422,-113.9320

16
45.0187,-117.9224
45.4290,-118.3582
313
45.0187,-118.3582,45.4290,-117.9224

17
45.4290,-118.3580
45.0189,-117.9220
133
45.0189,-118.3580,45.4290,-117.9220

18
45.7313,-120.6493
45.8015,-119.9995
83
45.6874,-120.6493,45.8015,-119.9995

19
45.7311,-120.6492
45.8006,-119.9995
83
45.6872,-120.6492,45.8006,-119.9995

20
41.3475,-75.3389
41.3578,-74.6953
89
41.3329,-75.3389,41.3681,-74.6953

21
41.3461,-75.3373
41.3578,-74.6955
88
41.3323,-75.3373,41.3674,-74.6955

22
43.5969,-116.4735
43.3645,-115.9749
114
43.3645,-116.4735,43.5972,-115.9749

23
43.3650,-115.9749
43.5972,-116.4735
294
43.3650,-116.4735,43.5975,-115.9749

24
45.8015,-119.9995
45.8025,-119.4348
89
45.8015,-119.9995,45.8407,-119.4348

25
45.8006,-119.9995
45.8022,-119.4348
89
45.8006,-119.9995,45.8404,-119.4348

26
42.9427,-115.0867
42.7422,-114.6169
113
42.7422,-115.0867,42.9427,-114.6169

27
42.7419,-114.6169
42.9424,-115.0867
293
42.7419,-115.0867,42.9424,-114.6169

28
45.6352,-120.9145
45.6920,-121.4412
276
45.5994,-121.4412,45.6968,-120.9145

29
45.6921,-121.4412
45.6353,-120.9145
96
45.5995,-121.4412,45.6969,-120.9145

30
45.6451,-121.9221
45.6920,-121.4412
84
45.6451,-121.9221,45.7128,-121.4412

31
45.6454,-121.9221
45.6921,-121.4412
84
45.6454,-121.9221,45.7130,-121.4412

32
44.3015,-117.2379
44.0067,-116.9414
134
44.0067,-117.2379,44.3015,-116.9414

33
44.3015,-117.2373
44.0069,-116.9411
134
44.0069,-117.2373,44.3015,-116.9411

34
43.5969,-116.4735
43.8072,-116.7526
306
43.5969,-116.7526,43.8072,-116.4735

35
43.8072,-116.7522
43.5972,-116.4735
127
43.5972,-116.7522,43.8072,-116.4735

36
41.5600,-72.9178
41.7634,-72.6385
53
41.5600,-72.9178,41.7712,-72.6385

37
41.5601,-72.9171
41.7632,-72.6389
53
41.5601,-72.9171,41.7710,-72.6389

38
41.4392,-73.2475
41.5601,-72.9171
69
41.4392,-73.2495,41.5601,-72.9171

39
41.5600,-72.9178
41.4390,-73.2480
249
41.4390,-73.2501,41.5600,-72.9178

40
41.0528,-111.5298
41.1387,-111.8561
284
41.0415,-111.8561,41.1402,-111.5298

41
41.0528,-111.5299
41.1386,-111.8561
284
41.0413,-111.8561,41.1401,-111.5299

42
41.8204,-72.5054
41.9429,-72.2173
66
41.8204,-72.5054,41.9429,-72.2173

43
41.8213,-72.5053
41.9432,-72.2173
67
41.8213,-72.5053,41.9432,-72.2173

44
43.8072,-116.7522
44.0069,-116.9411
316
43.8072,-116.9411,44.0069,-116.7522

45
43.8072,-116.7526
44.0067,-116.9414
316
43.8072,-116.9414,44.0067,-116.7526

46
41.5200,-73.9970
41.5134,-73.6833
91
41.5134,-73.9970,41.5488,-73.6833

47
41.5133,-73.6838
41.5195,-73.9972
271
41.5133,-73.9972,41.5484,-73.6838

48
41.3890,-73.5426
41.4392,-73.2475
80
41.3835,-73.5426,41.4392,-73.2464

49
42.5690,-113.6306
42.5767,-113.9320
271
42.5684,-113.9320,42.5768,-113.6306

50
42.5687,-113.6307
42.5764,-113.9320
271
42.5681,-113.9320,42.5766,-113.6307

51
41.4390,-73.2480
41.3892,-73.5426
260
41.3836,-73.5426,41.4390,-73.2470

52
45.7313,-120.6493
45.6353,-120.9145
250
45.6353,-120.9145,45.7313,-120.6493

53
45.6352,-120.9145
45.7311,-120.6492
70
45.6352,-120.9145,45.7311,-120.6492

54
41.9994,-112.8325
42.1689,-113.0000
315
41.9994,-113.0000,42.1689,-112.8325

55
42.1683,-113.0000
41.9994,-112.8335
135
41.9994,-113.0000,42.1683,-112.8335

56
41.3365,-112.0341
41.1527,-111.9751
162
41.1527,-112.0341,41.3365,-111.9751

57
41.3365,-112.0344
41.1527,-111.9784
163
41.1527,-112.0344,41.3365,-111.9784

58
41.5133,-73.6838
41.3890,-73.5426
131
41.3828,-73.6838,41.5133,-73.5426

59
41.5134,-73.6833
41.3892,-73.5426
131
41.3835,-73.6833,41.5134,-73.5426

60
41.3696,-75.4473
41.4291,-75.6188
289
41.3696,-75.6188,41.4291,-75.4473

61
41.4258,-75.6115
41.3700,-75.4473
108
41.3700,-75.6115,41.4258,-75.4473

62
42.0308,-72.1357
42.1295,-72.0629
36
42.0308,-72.1357,42.1295,-72.0629

63
42.0315,-72.1357
42.1295,-72.0630
36
42.0315,-72.1357,42.1295,-72.0630

64
40.9730,-111.4350
41.0528,-111.5299
310
40.9703,-111.5299,41.0528,-111.4350

65
41.7656,-72.6251
41.8204,-72.5054
65
41.7656,-72.6251,41.8204,-72.5054

66
40.9726,-111.4362
41.0528,-111.5298
310
40.9711,-111.5298,41.0528,-111.4362

67
41.8213,-72.5053
41.7665,-72.6232
245
41.7665,-72.6232,41.8213,-72.5053

68
41.3700,-75.4473
41.3475,-75.3389
101
41.3475,-75.4473,41.3700,-75.3389

69
41.3696,-75.4473
41.3472,-75.3390
101
41.3472,-75.4473,41.3696,-75.3390

70
41.9593,-72.1952
42.0302,-72.1362
39
41.9593,-72.1952,42.0302,-72.1362

71
42.0303,-72.1368
41.9594,-72.1955
219
41.9594,-72.1955,42.0303,-72.1368

72
41.1374,-111.9151
41.1379,-111.8613
89
41.1363,-111.9151,41.1385,-111.8613

73
41.1403,-111.9551
41.1372,-111.9150
94
41.1362,-111.9551,41.1403,-111.9150

74
41.1392,-111.9527
41.1374,-111.9151
92
41.1366,-111.9527,41.1392,-111.9151

75
41.9429,-72.2173
41.9593,-72.1952
53
41.9429,-72.2173,41.9593,-72.1952

76
41.9432,-72.2173
41.9594,-72.1955
53
41.9432,-72.2173,41.9594,-72.1955

77
41.1527,-111.9784
41.1411,-111.9559
117
41.1411,-111.9784,41.1527,-111.9559

78
41.1527,-111.9751
41.1419,-111.9556
118
41.1419,-111.9751,41.1527,-111.9556

79
41.1374,-111.8857
41.1379,-111.8686
88
41.1370,-111.8857,41.1381,-111.8686

80
41.7634,-72.6385
41.7665,-72.6232
78
41.7634,-72.6385,41.7665,-72.6232

81
41.7634,-72.6385
41.7665,-72.6232
78
41.7634,-72.6385,41.7665,-72.6232

82
41.1365,-111.9012
41.1374,-111.8857
86
41.1361,-111.9012,41.1381,-111.8857

83
41.1372,-111.9150
41.1365,-111.9017
92
41.1365,-111.9150,41.1376,-111.9017

84
41.1386,-111.8561
41.1375,-111.8654
263
41.1372,-111.8654,41.1386,-111.8561

85
41.7632,-72.6389
41.7638,-72.6301
85
41.7627,-72.6389,41.7638,-72.6301

86
41.7632,-72.6389
41.7638,-72.6301
85
41.7632,-72.6389,41.7638,-72.6301

87
41.7638,-72.6301
41.7656,-72.6251
69
41.7638,-72.6301,41.7656,-72.6251

88
41.7638,-72.6301
41.7656,-72.6251
69
41.7638,-72.6301,41.7656,-72.6251

89
41.1387,-111.8561
41.1379,-111.8613
261
41.1379,-111.8613,41.1387,-111.8561

90
41.1419,-111.9556
41.1392,-111.9527
132
41.1392,-111.9556,41.1419,-111.9527

91
41.1375,-111.8654
41.1379,-111.8686
277
41.1375,-111.8686,41.1379,-111.8654

92
42.0303,-72.1368
42.0315,-72.1357
41
42.0303,-72.1368,42.0315,-72.1357

93
41.1411,-111.9559
41.1403,-111.9551
133
41.1403,-111.9559,41.1411,-111.9551

94
41.3472,-75.3390
41.3466,-75.3380
121
41.3466,-75.3390,41.3472,-75.3380

95
41.3461,-75.3373
41.3466,-75.3380
303
41.3461,-75.3380,41.3466,-75.3373

96
42.0302,-72.1362
42.0308,-72.1357
40
42.0302,-72.1362,42.0308,-72.1357

97
41.1365,-111.9017
41.1365,-111.9012
97
41.1365,-111.9017,41.1365,-111.9012