0
38.7892,-111.2988
38.5935,-112.5031
260
38.5472,-112.5031,38.9340,-111.2988

1
38.7887,-111.2988
38.5934,-112.5031
260
38.5469,-112.5031,38.9336,-111.2988

2
38.7887,-111.2988
38.9743,-110.1504
80
38.7887,-111.2988,38.9914,-110.1504

3
38.7892,-111.2988
38.9746,-110.1505
80
38.7892,-111.2988,38.9918,-110.1505

4
38.9746,-110.1505
39.1942,-109.0513
78
38.9207,-110.1505,39.1955,-109.0513

5
39.1933,-109.0513
38.9743,-110.1504
258
38.9204,-110.1504,39.1943,-109.0513

6
39.2866,-103.1552
39.3296,-102.0487
87
39.2725,-103.1552,39.3296,-102.0487

7
39.2870,-103.1552
39.3298,-102.0487
87
39.2728,-103.1552,39.3298,-102.0487

8
39.6251,-107.1139
39.3663,-108.1702
256
39.3663,-108.1702,39.6251,-107.1139

9
39.6249,-107.1139
39.3663,-108.1699
256
39.3663,-108.1699,39.6249,-107.1139

10
39.1933,-109.0513
39.3663,-108.1699
78
39.1020,-109.0513,39.3663,-108.1699

11
39.1942,-109.0513
39.3663,-108.1702
78
39.1022,-109.0513,39.3663,-108.1702

12
39.5316,-106.2157
39.6251,-107.1139
275
39.5316,-107.1139,39.7121,-106.2148

13
39.5317,-106.2160
39.6249,-107.1139
275
39.5317,-107.1139,39.7118,-106.2152

14
39.0237,-100.1490
39.1236,-100.8120
278
39.0236,-100.8120,39.1236,-100.1490

15
39.1240,-100.8120
39.0240,-100.1490
98
39.0239,-100.8120,39.1240,-100.1490

16
39.3312,-101.3910
39.3298,-102.0487
269
39.3281,-102.0487,39.3312,-101.3910

17
39.3296,-102.0487
39.3310,-101.3910
89
39.3275,-102.0487,39.3310,-101.3910

18
40.1270,-79.8780
40.1080,-79.2219
91
40.1048,-79.8780,40.2194,-79.2219

19
40.1270,-79.8779
40.1078,-79.2219
91
40.1040,-79.8779,40.2192,-79.2219

20
40.0956,-80.5192
40.1270,-79.8779
87
40.0956,-80.5192,40.1885,-79.8779

21
40.1270,-79.8780
40.0958,-80.5192
267
40.0958,-80.5192,40.1887,-79.8780

22
39.7224,-78.1850
39.5356,-77.6066
107
39.5356,-78.1885,39.7224,-77.6061

23
39.5367,-77.6060
39.7224,-78.1846
287
39.5367,-78.1873,39.7224,-77.6056

24
39.1334,-100.8204
39.3312,-101.3910
289
39.1334,-101.3910,39.3665,-100.8204

25
39.1334,-100.8208
39.3310,-101.3910
289
39.1334,-101.3910,39.3663,-100.8208

26
39.0150,-94.1100
38.9848,-93.4942
92
38.9848,-94.1100,39.0150,-93.4942

27
39.0148,-94.1100
38.9846,-93.4942
92
38.9846,-94.1100,39.0148,-93.4942

28
38.8636,-99.0393
38.9502,-99.5947
278
38.8623,-99.5947,38.9502,-99.0393

29
38.8638,-99.0393
38.9504,-99.5947
278
38.8625,-99.5947,38.9504,-99.0393

30
39.0237,-100.1490
38.9502,-99.5947
97
38.9502,-100.1490,39.0239,-99.5947

31
38.9504,-99.5947
39.0240,-100.1490
277
38.9504,-100.1490,39.0241,-99.5947

32
39.2735,-103.7149
39.2870,-103.1552
88
39.2612,-103.7149,39.2870,-103.1552

33
39.2732,-103.7149
39.2866,-103.1552
88
39.2608,-103.7149,39.2866,-103.1552

34
38.8488,-98.4850
38.8638,-99.0393
271
38.8488,-99.0393,38.8642,-98.4850

35
38.8486,-98.4850
38.8636,-99.0393
271
38.8485,-99.0393,38.8640,-98.4850

36
38.9289,-97.3812
38.8787,-97.9288
264
38.8744,-97.9288,38.9289,-97.3812

37
38.8785,-97.9288
38.9287,-97.3812
84
38.8741,-97.9288,38.9287,-97.3812

38
38.6598,-90.1077
38.8022,-89.5986
74
38.6598,-90.1077,38.8022,-89.5986

39
38.6598,-90.1073
38.8019,-89.5986
74
38.6598,-90.1073,38.8019,-89.5986

40
39.9426,-82.2321
39.9391,-82.7688
269
39.9360,-82.7688,39.9518,-82.2321

41
39.9424,-82.2321
39.9390,-82.7680
269
39.9358,-82.7680,39.9515,-82.2321

42
39.6793,-105.9252
39.7168,-105.3983
85
39.6789,-105.9252,39.7665,-105.3983

43
39.7171,-105.3983
39.6794,-105.9251
265
39.6792,-105.9251,39.7666,-105.3983

44
39.8653,-84.0523
39.9410,-83.5324
81
39.8645,-84.0523,39.9410,-83.5324

45
39.9407,-83.5325
39.8651,-84.0523
261
39.8643,-84.0523,39.9407,-83.5325

46
38.9015,-91.6401
38.9541,-92.1501
275
38.9015,-92.1501,38.9541,-91.6401

47
38.9017,-91.6401
38.9543,-92.1498
275
38.9017,-92.1498,38.9543,-91.6401

48
39.1087,-94.6073
39.0148,-94.1100
100
39.0148,-94.6073,39.1087,-94.1100

49
39.3102,-88.0108
39.4364,-87.5314
75
39.3102,-88.0108,39.4364,-87.5314

50
39.3105,-88.0108
39.4367,-87.5314
75
39.3105,-88.0108,39.4367,-87.5314

51
38.9504,-93.0495
38.9597,-92.5449
88
38.9332,-93.0495,38.9597,-92.5449

52
38.9598,-92.5450
38.9505,-93.0495
268
38.9334,-93.0495,38.9598,-92.5450

53
40.0552,-81.2301
39.9816,-81.7257
261
39.9816,-81.7257,40.0594,-81.2301

54
39.9778,-78.7608
39.9873,-78.2566
88
39.9772,-78.7608,40.0507,-78.2566

55
40.0555,-81.2301
39.9820,-81.7257
261
39.9820,-81.7257,40.0597,-81.2301

56
39.9777,-78.7608
39.9865,-78.2618
88
39.9771,-78.7608,40.0506,-78.2618

57
39.3591,-77.1673
39.5356,-77.6066
291
39.3589,-77.6066,39.5356,-77.1673

58
39.3593,-77.1674
39.5367,-77.6060
292
39.3591,-77.6063,39.5367,-77.1674

59
40.0552,-81.2301
40.0712,-80.7382
88
40.0551,-81.2301,40.0779,-80.7382

60
40.0555,-81.2301
40.0713,-80.7382
88
40.0553,-81.2301,40.0781,-80.7382

61
39.9778,-78.7608
40.1080,-79.2219
285
39.9549,-79.2219,40.1080,-78.7608

62
38.7643,-90.4823
38.8176,-90.9610
276
38.7643,-90.9610,38.8176,-90.4823

63
38.7640,-90.4825
38.8175,-90.9610
276
38.7640,-90.9610,38.8175,-90.4825

64
39.1066,-94.5755
39.0150,-94.1100
101
39.0150,-94.5755,39.1066,-94.1100

65
39.2732,-103.7149
39.5660,-104.0140
314
39.2731,-104.0140,39.5660,-103.7149

66
39.0264,-88.8059
39.1711,-88.3661
71
39.0264,-88.8059,39.1711,-88.3661

67
39.5660,-104.0135
39.2735,-103.7149
134
39.2734,-104.0135,39.5660,-103.7149

68
39.0266,-88.8059
39.1711,-88.3671
71
39.0266,-88.8059,39.1711,-88.3671

69
40.1043,-79.2082
39.9777,-78.7608
105
39.9547,-79.2082,40.1043,-78.7608

70
39.9820,-81.7257
39.9524,-82.1987
266
39.9436,-82.1987,39.9820,-81.7257

71
39.9521,-82.1987
39.9816,-81.7257
86
39.9435,-82.1987,39.9816,-81.7257

72
38.9163,-89.2567
39.0264,-88.8059
76
38.9163,-89.2567,39.0264,-88.8059

73
39.0266,-88.8059
38.9165,-89.2567
256
38.9165,-89.2567,39.0266,-88.8059

74
39.0668,-96.5010
38.9944,-96.9635
261
38.9944,-96.9635,39.0677,-96.5010

75
38.9942,-96.9635
39.0665,-96.5010
81
38.9942,-96.9635,39.0673,-96.5010

76
39.5660,-104.0140
39.7381,-104.4118
293
39.5660,-104.4118,39.7381,-104.0140

77
39.5660,-104.0135
39.7381,-104.4097
293
39.5660,-104.4097,39.7381,-104.0135

78
39.0180,-95.5011
39.0583,-95.9467
275
39.0180,-95.9467,39.0705,-95.5011

79
39.0585,-95.9467
39.0182,-95.5011
95
39.0182,-95.9467,39.0706,-95.5011

80
38.9505,-93.0495
38.9848,-93.4942
274
38.9505,-93.4942,38.9848,-93.0495

81
38.9504,-93.0495
38.9846,-93.4942
274
38.9504,-93.4942,38.9846,-93.0495

82
39.0585,-95.9467
39.0655,-96.3911
270
39.0583,-96.3911,39.0660,-95.9467

83
39.0583,-95.9467
39.0653,-96.3911
270
39.0581,-96.3911,39.0657,-95.9467

84
39.9808,-83.2494
39.9319,-82.8115
96
39.9317,-83.2494,39.9815,-82.8115

85
39.9805,-83.2494
39.9316,-82.8115
96
39.9315,-83.2494,39.9812,-82.8115

86
39.8381,-84.4837
39.8653,-84.0523
86
39.8381,-84.4837,39.8705,-84.0523

87
39.8378,-84.4837
39.8651,-84.0523
86
39.8378,-84.4837,39.8703,-84.0523

88
38.9287,-97.3812
38.9942,-96.9635
81
38.9287,-97.3812,38.9942,-96.9635

89
38.8710,-98.0613
38.8486,-98.4850
266
38.8479,-98.4850,38.8710,-98.0613

90
38.8488,-98.4850
38.8709,-98.0623
87
38.8481,-98.4850,38.8709,-98.0623

91
38.9289,-97.3717
38.9944,-96.9635
80
38.9289,-97.3717,38.9944,-96.9635

92
39.8535,-85.2209
39.8306,-84.8138
93
39.8306,-85.2209,39.8726,-84.8138

93
39.8537,-85.2209
39.8309,-84.8139
93
39.8309,-85.2209,39.8728,-84.8139

94
39.6862,-86.3266
39.8067,-85.9529
72
39.6862,-86.3266,39.8068,-85.9529

95
39.8070,-85.9529
39.6866,-86.3266
252
39.6866,-86.3266,39.8070,-85.9529

96
39.1711,-88.3671
39.3105,-88.0108
68
39.1711,-88.3671,39.3105,-88.0108

97
39.1711,-88.3661
39.3102,-88.0108
68
39.1711,-88.3661,39.3102,-88.0108

98
38.9543,-92.1498
38.9598,-92.5450
270
38.9543,-92.5450,38.9742,-92.1498

99
38.9597,-92.5449
38.9541,-92.1501
90
38.9541,-92.5449,38.9740,-92.1501

100
38.9015,-91.6401
38.8460,-91.2649
98
38.8460,-91.6401,38.9080,-91.2649

101
38.9017,-91.6401
38.8462,-91.2649
98
38.8462,-91.6401,38.9082,-91.2649

102
39.4782,-87.0147
39.5615,-86.6500
77
39.4782,-87.0147,39.5615,-86.6500

103
39.4785,-87.0147
39.5618,-86.6501
77
39.4785,-87.0147,39.5618,-86.6501

104
39.8537,-85.2209
39.8287,-85.5969
266
39.8287,-85.5969,39.8541,-85.2209

105
39.8535,-85.2209
39.8285,-85.5969
266
39.8285,-85.5969,39.8538,-85.2209

106
38.8019,-89.5986
38.9163,-89.2567
71
38.8019,-89.5986,38.9163,-89.2567

107
38.9165,-89.2567
38.8022,-89.5986
251
38.8022,-89.5986,38.9165,-89.2567

108
39.8070,-85.9529
39.8287,-85.5969
86
39.8070,-85.9529,39.8287,-85.5969

109
39.8285,-85.5969
39.8067,-85.9529
266
39.8067,-85.9529,39.8285,-85.5969

110
39.7835,-105.0532
39.7168,-105.3983
259
39.6952,-105.3983,39.7864,-105.0532

111
39.7171,-105.3983
39.7837,-105.0532
79
39.6955,-105.3983,39.7873,-105.0532

112
39.3569,-77.1393
39.3045,-76.7963
98
39.2957,-77.1393,39.3569,-76.7963

113
39.3050,-76.7965
39.3571,-77.1391
278
39.2959,-77.1391,39.3571,-76.7965

114
39.5317,-106.2160
39.6793,-105.9252
63
39.5013,-106.2167,39.6793,-105.9252

115
39.5316,-106.2157
39.6794,-105.9251
63
39.5017,-106.2163,39.6794,-105.9251

116
39.8381,-84.4837
39.8309,-84.8139
268
39.8288,-84.8139,39.8381,-84.4837

117
39.8306,-84.8138
39.8378,-84.4837
88
39.8284,-84.8138,39.8378,-84.4837

118
38.9968,-95.1866
39.0182,-95.5011
273
38.9899,-95.5011,39.0182,-95.1866

119
39.0180,-95.5011
38.9967,-95.1866
93
38.9898,-95.5011,39.0180,-95.1866

120
38.8462,-91.2649
38.8176,-90.9610
95
38.8176,-91.2649,38.8463,-90.9610

121
38.8460,-91.2649
38.8174,-90.9610
95
38.8174,-91.2649,38.8461,-90.9610

122
39.1087,-94.6073
39.0902,-94.9087
266
39.0902,-94.9087,39.1138,-94.6073

123
39.1089,-94.6073
39.0904,-94.9087
266
39.0904,-94.9087,39.1140,-94.6073

124
38.9968,-95.1866
39.0904,-94.9087
71
38.9968,-95.1866,39.0904,-94.9087

125
39.0902,-94.9087
38.9967,-95.1866
251
38.9967,-95.1866,39.0902,-94.9087

126
39.7224,-78.1846
39.9528,-78.2390
346
39.7224,-78.2760,39.9528,-78.1811

127
39.7224,-78.1850
39.9526,-78.2390
346
39.7224,-78.2764,39.9526,-78.1814

128
39.4459,-87.2395
39.4367,-87.5314
268
39.4300,-87.5314,39.4487,-87.2395

129
39.4364,-87.5314
39.4457,-87.2395
88
39.4297,-87.5314,39.4485,-87.2395

130
39.9407,-83.5325
39.9805,-83.2494
81
39.9407,-83.5325,39.9805,-83.2494

131
39.9410,-83.5324
39.9808,-83.2494
81
39.9410,-83.5324,39.9808,-83.2494

132
38.7013,-90.2657
38.7643,-90.4823
286
38.7013,-90.4823,38.7643,-90.2657

133
38.7640,-90.4825
38.7012,-90.2658
106
38.7012,-90.4825,38.7640,-90.2658

134
39.4459,-87.2395
39.4785,-87.0147
81
39.4459,-87.2395,39.4785,-87.0147

135
39.4457,-87.2395
39.4782,-87.0147
81
39.4455,-87.2395,39.4782,-87.0147

136
39.7835,-105.0532
39.7724,-104.8281
92
39.7724,-105.0532,39.7850,-104.8281

137
39.7837,-105.0532
39.7726,-104.8282
92
39.7726,-105.0532,39.7851,-104.8282

138
39.7395,-104.6314
39.7381,-104.4097
90
39.7381,-104.6314,39.7403,-104.4097

139
40.0958,-80.5192
40.0713,-80.7382
263
40.0425,-80.7382,40.0958,-80.5192

140
40.0712,-80.7382
40.0956,-80.5192
83
40.0423,-80.7382,40.0956,-80.5192

141
39.7381,-104.4118
39.7395,-104.6304
270
39.7381,-104.6304,39.7401,-104.4118

142
39.5615,-86.6500
39.6008,-86.5168
73
39.5615,-86.6500,39.6008,-86.5168

143
39.5618,-86.6501
39.6007,-86.5174
73
39.5618,-86.6501,39.6007,-86.5174

144
39.6302,-86.4469
39.6866,-86.3266
64
39.6302,-86.4469,39.6866,-86.3266

145
39.6862,-86.3266
39.6302,-86.4453
244
39.6302,-86.4453,39.6862,-86.3266

146
38.8709,-98.0623
38.8787,-97.9288
86
38.8709,-98.0623,38.8787,-97.9288

147
38.8710,-98.0613
38.8785,-97.9288
86
38.8710,-98.0613,38.8785,-97.9288

148
38.6459,-90.1785
38.7013,-90.2657
302
38.6434,-90.2657,38.7013,-90.1785

149
39.0653,-96.3911
39.0665,-96.5010
270
39.0640,-96.5010,39.0691,-96.3911

150
39.0655,-96.3911
39.0668,-96.5010
270
39.0643,-96.5010,39.0693,-96.3911

151
39.7726,-104.8282
39.7407,-104.7297
107
39.7407,-104.8282,39.7726,-104.7297

152
39.7724,-104.8281
39.7407,-104.7331
108
39.7407,-104.8281,39.7724,-104.7331

153
38.5798,-112.5989
38.5935,-112.5031
81
38.5798,-112.5989,38.6082,-112.5031

154
38.5799,-112.5982
38.5934,-112.5031
81
38.5799,-112.5982,38.6076,-112.5031

155
38.6898,-90.2544
38.6431,-90.1889
125
38.6431,-90.2544,38.6898,-90.1889

156
39.3050,-76.7965
39.3015,-76.7112
92
39.3015,-76.7965,39.3081,-76.7112

157
39.3045,-76.7963
39.3012,-76.7112
92
39.3012,-76.7963,39.3078,-76.7112

158
38.6431,-90.1889
38.6870,-90.2474
306
38.6431,-90.2474,38.6870,-90.1889

159
38.6457,-90.1785
38.6598,-90.1073
78
38.6329,-90.1785,38.6598,-90.1073

160
38.6459,-90.1785
38.6598,-90.1077
78
38.6342,-90.1785,38.6598,-90.1077

161
39.6007,-86.5174
39.6184,-86.4657
71
39.6007,-86.5174,39.6184,-86.4657

162
39.6008,-86.5168
39.6181,-86.4657
71
39.6008,-86.5168,39.6181,-86.4657

163
39.7400,-104.6783
39.7395,-104.6304
90
39.7379,-104.6783,39.7403,-104.6304

164
39.9316,-82.8115
39.9390,-82.7680
80
39.9311,-82.8115,39.9390,-82.7680

165
39.9319,-82.8115
39.9391,-82.7688
80
39.9313,-82.8115,39.9391,-82.7688

166
39.9526,-78.2390
39.9852,-78.2437
351
39.9526,-78.2475,39.9852,-78.2390

167
39.9851,-78.2432
39.9528,-78.2390
172
39.9528,-78.2472,39.9851,-78.2390

168
39.7403,-104.7107
39.7402,-104.6783
90
39.7402,-104.7107,39.7403,-104.6783

169
39.7401,-104.7106
39.7400,-104.6783
90
39.7400,-104.7106,39.7401,-104.6783

170
39.1066,-94.5755
39.1089,-94.6073
274
39.1066,-94.6073,39.1089,-94.5755

171
39.3571,-77.1391
39.3593,-77.1674
274
39.3571,-77.1674,39.3615,-77.1391

172
39.3569,-77.1393
39.3591,-77.1673
274
39.3569,-77.1673,39.3612,-77.1393

173
39.9506,-82.2067
39.9424,-82.2321
252
39.9424,-82.2321,39.9506,-82.2067

174
39.9426,-82.2321
39.9505,-82.2085
71
39.9426,-82.2321,39.9505,-82.2085

175
39.6181,-86.4657
39.6302,-86.4453
59
39.6181,-86.4657,39.6302,-86.4453

176
39.7402,-104.6783
39.7398,-104.6528
90
39.7398,-104.6783,39.7405,-104.6528

177
39.6184,-86.4657
39.6302,-86.4469
57
39.6184,-86.4657,39.6302,-86.4469

178
39.7401,-104.7106
39.7407,-104.7331
271
39.7401,-104.7331,39.7407,-104.7106

179
39.7398,-104.6528
39.7395,-104.6314
90
39.7381,-104.6528,39.7398,-104.6314

180
39.7407,-104.7297
39.7403,-104.7107
91
39.7403,-104.7297,39.7407,-104.7107

181
39.9907,-78.2428
39.9868,-78.2611
258
39.9868,-78.2611,39.9907,-78.2428

182
38.7012,-90.2658
38.6898,-90.2544
134
38.6898,-90.2658,38.7012,-90.2544

183
39.1236,-100.8120
39.1334,-100.8208
317
39.1236,-100.8208,39.1334,-100.8120

184
39.1334,-100.8204
39.1240,-100.8120
137
39.1240,-100.8204,39.1334,-100.8120

185
39.9906,-78.2414
39.9995,-78.2333
42
39.9906,-78.2414,39.9995,-78.2333

186
39.9851,-78.2432
39.9871,-78.2566
278
39.9851,-78.2566,39.9871,-78.2432

187
39.9907,-78.2414
39.9994,-78.2336
41
39.9907,-78.2414,39.9994,-78.2336

188
39.9907,-78.2428
39.9994,-78.2389
23
39.9907,-78.2428,39.9994,-78.2389

189
39.9907,-78.2414
39.9994,-78.2387
16
39.9907,-78.2414,39.9994,-78.2387

190
39.9891,-78.2536
39.9907,-78.2428
81
39.9891,-78.2536,39.9907,-78.2428

191
39.9854,-78.2437
39.9891,-78.2536
290
39.9854,-78.2547,39.9891,-78.2437

192
38.6431,-90.1889
38.6457,-90.1785
75
38.6429,-90.1889,38.6457,-90.1785

193
39.9505,-82.2085
39.9524,-82.1987
79
39.9505,-82.2085,39.9524,-82.1987

194
38.9289,-97.3717
38.9289,-97.3812
269
38.9289,-97.3812,38.9289,-97.3717

195
39.9521,-82.1987
39.9506,-82.2067
259
39.9506,-82.2067,39.9521,-82.1987

196
38.6870,-90.2474
38.6898,-90.2544
292
38.6870,-90.2544,38.6898,-90.2474

197
38.6898,-90.2539
38.6870,-90.2474
113
38.6870,-90.2539,38.6898,-90.2474

198
39.9852,-78.2431
39.9906,-78.2414
17
39.9852,-78.2431,39.9906,-78.2414

199
39.9906,-78.2414
39.9854,-78.2437
203
39.9854,-78.2437,39.9906,-78.2414

200
39.9871,-78.2566
39.9865,-78.2618
263
39.9856,-78.2618,39.9871,-78.2566

201
39.9865,-78.2618
39.9871,-78.2570
83
39.9865,-78.2618,39.9871,-78.2570

202
39.9873,-78.2566
39.9872,-78.2525
90
39.9872,-78.2566,39.9873,-78.2525

203
39.9871,-78.2566
39.9891,-78.2536
55
39.9871,-78.2566,39.9891,-78.2536

204
39.1066,-94.5755
39.1066,-94.5725
90
39.1066,-94.5755,39.1067,-94.5725

205
38.6418,-90.1883
38.6431,-90.1889
333
38.6418,-90.1889,38.6431,-90.1883

206
39.9907,-78.2428
39.9907,-78.2414
87
39.9907,-78.2428,39.9907,-78.2414

207
39.9883,-78.2561
39.9873,-78.2566
208
39.9873,-78.2566,39.9883,-78.2561

208
39.9852,-78.2431
39.9854,-78.2437
286
39.9852,-78.2437,39.9854,-78.2431

209
39.1031,-94.6217
39.1027,-94.6217
180
39.1027,-94.6217,39.1031,-94.6217

210
39.3012,-76.7112
39.3015,-76.7112
359
39.3012,-76.7112,39.3020,-76.7085

211
39.9871,-78.2570
39.9871,-78.2567
87
39.9871,-78.2570,39.9871,-78.2567

212
39.9871,-78.2567
39.9871,-78.2570
267
39.9857,-78.2585,39.9871,-78.2567

213
38.6189,-90.1859
38.6190,-90.1862
280
38.6189,-90.1862,38.6190,-90.1859

214
39.9873,-78.2566
39.9871,-78.2567
192
39.9871,-78.2567,39.9873,-78.2566

215
39.9851,-78.2432
39.9852,-78.2431
17
39.9851,-78.2432,39.9852,-78.2431

216
39.9854,-78.2437
39.9852,-78.2437
190
39.9852,-78.2437,39.9854,-78.2437

217
38.6200,-90.1896
38.6199,-90.1897
216
38.6199,-90.1897,38.6200,-90.1896

218
38.6200,-90.1898
38.6201,-90.1897
36
38.6200,-90.1898,38.6201,-90.1897

219
39.9906,-78.2414
39.9907,-78.2414
16
39.9906,-78.2414,39.9907,-78.2414

220
38.6229,-90.1649
38.6229,-90.1649
13
38.6229,-90.1649,38.6229,-90.1649

221
39.9871,-78.2567
39.9871,-78.2566
89
39.9871,-78.2567,39.9871,-78.2566

222
39.4457,-87.2395
39.4457,-87.2395
7
39.4457,-87.2395,39.4457,-87.2395