0r
38.5935,-112.5031
38.7892,-111.2988
80

2
38.7887,-111.2988
38.9743,-110.1504
80

4
38.9746,-110.1505
39.1942,-109.0513
78

10
39.1933,-109.0513
39.3663,-108.1699
78

8r
39.3663,-108.1702
39.6251,-107.1139
76

12r
39.6251,-107.1139
39.5316,-106.2157
95

114
39.5317,-106.216
39.6793,-105.9252
63

42
39.6793,-105.9252
39.7168,-105.3983
85

110r
39.7168,-105.3983
39.7835,-105.0532
79

136
39.7835,-105.0532
39.7724,-104.8281
92

151
39.7726,-104.8282
39.7407,-104.7297
107

178r
39.7407,-104.7331
39.7401,-104.7106
91

168
39.7403,-104.7107
39.7402,-104.6783
90

163
39.74,-104.6783
39.7395,-104.6304
90

138
39.7395,-104.6314
39.7381,-104.4097
90

76r
39.7381,-104.4118
39.566,-104.014
113

65r
39.566,-104.014
39.2732,-103.7149
134

32
39.2735,-103.7149
39.287,-103.1552
88

6
39.2866,-103.1552
39.3296,-102.0487
87

16r
39.3298,-102.0487
39.3312,-101.391
89

24r
39.3312,-101.391
39.1334,-100.8204
109

14r
39.1236,-100.812
39.0237,-100.149
98

30
39.0237,-100.149
38.9502,-99.5947
97

28r
38.9502,-99.5947
38.8636,-99.0393
98

34r
38.8638,-99.0393
38.8488,-98.485
91

89r
38.8486,-98.485
38.871,-98.0613
86

146
38.8709,-98.0623
38.8787,-97.9288
86

36r
38.8787,-97.9288
38.9289,-97.3812
84

88
38.9287,-97.3812
38.9942,-96.9635
81

74r
38.9944,-96.9635
39.0668,-96.501
81

149r
39.0665,-96.501
39.0653,-96.3911
90

82r
39.0655,-96.3911
39.0585,-95.9467
90

78r
39.0583,-95.9467
39.018,-95.5011
95

118r
39.0182,-95.5011
38.9968,-95.1866
93

124
38.9968,-95.1866
39.0904,-94.9087
71

122r
39.0902,-94.9087
39.1087,-94.6073
86

48
39.1087,-94.6073
39.0148,-94.11
100

26
39.015,-94.11
38.9848,-93.4942
92

80r
38.9848,-93.4942
38.9505,-93.0495
94

51
38.9504,-93.0495
38.9597,-92.5449
88

98r
38.9598,-92.545
38.9543,-92.1498
90

46r
38.9541,-92.1501
38.9015,-91.6401
95

100
38.9015,-91.6401
38.846,-91.2649
98

120
38.8462,-91.2649
38.8176,-90.961
95

62r
38.8176,-90.961
38.7643,-90.4823
96

132r
38.7643,-90.4823
38.7013,-90.2657
106

148r
38.7013,-90.2657
38.6459,-90.1785
122

159
38.6457,-90.1785
38.6598,-90.1073
78

38
38.6598,-90.1077
38.8022,-89.5986
74

106
38.8019,-89.5986
38.9163,-89.2567
71

72
38.9163,-89.2567
39.0264,-88.8059
76

66
39.0264,-88.8059
39.1711,-88.3661
71

96
39.1711,-88.3671
39.3105,-88.0108
68

49
39.3102,-88.0108
39.4364,-87.5314
75

128r
39.4367,-87.5314
39.4459,-87.2395
88

134
39.4459,-87.2395
39.4785,-87.0147
81

102
39.4782,-87.0147
39.5615,-86.65
77

142
39.5615,-86.65
39.6008,-86.5168
73

161
39.6007,-86.5174
39.6184,-86.4657
71

175
39.6181,-86.4657
39.6302,-86.4453
59

144
39.6302,-86.4469
39.6866,-86.3266
64

94
39.6862,-86.3266
39.8067,-85.9529
72

108
39.807,-85.9529
39.8287,-85.5969
86

104r
39.8287,-85.5969
39.8537,-85.2209
86

92
39.8535,-85.2209
39.8306,-84.8138
93

116r
39.8309,-84.8139
39.8381,-84.4837
88

86
39.8381,-84.4837
39.8653,-84.0523
86

44
39.8653,-84.0523
39.941,-83.5324
81

130
39.9407,-83.5325
39.9805,-83.2494
81

84
39.9808,-83.2494
39.9319,-82.8115
96

164
39.9316,-82.8115
39.939,-82.768
80

40r
39.9391,-82.7688
39.9426,-82.2321
89

173r
39.9424,-82.2321
39.9506,-82.2067
72

70r
39.9524,-82.1987
39.982,-81.7257
86

53r
39.9816,-81.7257
40.0552,-81.2301
81

59
40.0552,-81.2301
40.0712,-80.7382
88

139r
40.0713,-80.7382
40.0958,-80.5192
83

20
40.0956,-80.5192
40.127,-79.8779
87

18
40.127,-79.878
40.108,-79.2219
91

61r
40.108,-79.2219
39.9778,-78.7608
105

54
39.9778,-78.7608
39.9873,-78.2566
88

166r
39.9852,-78.2437
39.9526,-78.239
171

126r
39.9528,-78.239
39.7224,-78.1846
166

22
39.7224,-78.185
39.5356,-77.6066
107

57r
39.5356,-77.6066
39.3591,-77.1673
111

171r
39.3593,-77.1674
39.3571,-77.1391
94

112
39.3569,-77.1393
39.3045,-76.7963
98

156
39.305,-76.7965
39.3015,-76.7112
92

210r
39.3015,-76.7112
39.3012,-76.7112
179
