0
34.0335,-117.5500
35.6071,-115.3911
53
34.0335,-117.5501,35.6071,-115.3911

1
34.1421,-117.4893
35.6073,-115.3915
55
34.1421,-117.4893,35.6073,-115.3915

2
35.6073,-115.3915
36.8179,-114.0501
47
35.6073,-115.3915,36.8179,-114.0501

3
36.8176,-114.0501
35.6071,-115.3911
227
35.6071,-115.3911,36.8176,-114.0501

4
45.5306,-112.7037
44.5553,-112.3094
157
44.5553,-112.8541,45.5306,-112.3094

5
44.5556,-112.3092
45.5302,-112.7035
337
44.5556,-112.8539,45.5302,-112.3092

6
38.5727,-112.6035
39.3297,-112.0820
34
38.5727,-112.6096,39.3297,-112.0820

7
39.3297,-112.0826
38.5727,-112.6038
214
38.5727,-112.6103,39.3297,-112.0826

8
37.4820,-113.2206
38.1480,-112.6115
42
37.4820,-113.2206,38.1480,-112.6115

9
37.4820,-113.2209
38.1480,-112.6141
42
37.4820,-113.2209,38.1480,-112.6141

10
42.3508,-112.2248
43.0222,-112.4079
344
42.3508,-112.4409,43.0222,-112.1693

11
42.3508,-112.2252
43.0222,-112.4083
344
42.3508,-112.4418,43.0222,-112.1697

12
34.0335,-117.5500
33.4326,-117.1431
145
33.4326,-117.5601,34.0335,-117.1351

13
34.0335,-117.5504
33.4326,-117.1437
145
33.4326,-117.5604,34.0335,-117.1355

14
42.0012,-112.1990
41.3365,-112.0344
166
41.3365,-112.1990,42.0012,-112.0344

15
41.3365,-112.0341
42.0012,-112.1985
346
41.3365,-112.1985,42.0012,-112.0341

16
46.0365,-112.4592
46.5692,-111.9664
42
46.0365,-112.4592,46.5692,-111.9400

17
46.0367,-112.4594
46.5692,-111.9668
42
46.0367,-112.4594,46.5692,-111.9403

18
32.7762,-117.1119
33.4326,-117.1437
357
32.7762,-117.1749,33.4326,-117.0690

19
39.3297,-112.0826
39.9397,-111.8111
23
39.3297,-112.0826,39.9397,-111.8108

20
39.3297,-112.0820
39.9395,-111.8107
23
39.3297,-112.0820,39.9395,-111.8104

21
48.3930,-111.9206
48.9986,-111.9608
356
48.3930,-111.9608,48.9986,-111.8596

22
48.9986,-111.9600
48.3930,-111.9201
176
48.3930,-111.9600,48.9986,-111.8593

23
47.6978,-111.6456
47.1329,-111.8963
203
47.1314,-111.8963,47.6978,-111.3426

24
47.6978,-111.6461
47.1331,-111.8963
203
47.1316,-111.8963,47.6978,-111.3429

25
32.8522,-117.1153
33.4326,-117.1431
357
32.8522,-117.1745,33.4326,-117.0687

26
37.0000,-113.6243
37.4820,-113.2209
39
37.0000,-113.6243,37.4820,-113.2209

27
37.0000,-113.6224
37.4820,-113.2206
39
37.0000,-113.6224,37.4820,-113.2206

28
47.1331,-111.8963
46.5692,-111.9668
187
46.5692,-112.1276,47.1331,-111.8963

29
46.5692,-111.9664
47.1329,-111.8963
7
46.5692,-112.1275,47.1329,-111.8963

30
40.4525,-111.9133
39.9395,-111.8107
168
39.9395,-111.9133,40.4525,-111.6464

31
40.4524,-111.9137
39.9397,-111.8111
168
39.9397,-111.9137,40.4524,-111.6467

32
44.0578,-112.2357
44.5556,-112.3092
351
44.0578,-112.3092,44.5556,-112.1741

33
44.0578,-112.2361
44.5553,-112.3094
351
44.0578,-112.3094,44.5553,-112.1744

34
43.0222,-112.4079
43.4249,-112.1398
33
43.0222,-112.4079,43.4249,-112.1398

35
43.4249,-112.1403
43.0222,-112.4083
213
43.0222,-112.4083,43.4249,-112.1403

36
43.6262,-112.0799
44.0578,-112.2357
340
43.6262,-112.2357,44.0578,-112.0799

37
44.0578,-112.2361
43.6261,-112.0803
160
43.6261,-112.2362,44.0578,-112.0803

38
45.6316,-112.6766
46.0367,-112.4594
28
45.6316,-112.7319,46.0367,-112.4594

39
45.6316,-112.6762
46.0365,-112.4592
28
45.6316,-112.7315,46.0365,-112.4592

40
38.1480,-112.6141
38.5727,-112.6038
1
38.1480,-112.6627,38.5727,-112.6038

41
38.5727,-112.6035
38.1480,-112.6115
181
38.1480,-112.6624,38.5727,-112.6035

42
47.9845,-111.7727
48.3930,-111.9201
340
47.9845,-111.9360,48.3930,-111.7727

43
47.9844,-111.7732
48.3930,-111.9206
340
47.9844,-111.9364,48.3930,-111.7732

44
36.8176,-114.0501
37.0000,-113.6224
66
36.8176,-114.0501,37.0000,-113.6224

45
36.8179,-114.0501
37.0000,-113.6243
66
36.8179,-114.0501,37.0000,-113.6243

46
40.8218,-111.9165
40.4524,-111.9137
179
40.4524,-111.9242,40.8218,-111.8912

47
40.8218,-111.9162
40.4525,-111.9133
179
40.4525,-111.9240,40.8218,-111.8909

48
42.3508,-112.2248
42.0012,-112.1985
175
42.0012,-112.2387,42.3508,-112.1985

49
42.0012,-112.1990
42.3508,-112.2252
355
42.0012,-112.2391,42.3508,-112.1990

50
41.1526,-112.0255
40.8218,-111.9165
161
40.8218,-112.0256,41.1526,-111.8911

51
47.6978,-111.6456
47.9845,-111.7727
336
47.6978,-111.7727,47.9845,-111.6456

52
47.9844,-111.7732
47.6978,-111.6461
156
47.6978,-111.7732,47.9844,-111.6461

53
32.8522,-117.1153
33.0660,-117.0689
12
32.8522,-117.1164,33.0660,-117.0688

54
43.6262,-112.0799
43.4249,-112.1398
196
43.4249,-112.1398,43.6262,-112.0536

55
43.6261,-112.0803
43.4249,-112.1403
196
43.4249,-112.1403,43.6261,-112.0538

56
41.3365,-112.0344
41.1526,-112.0255
177
41.1526,-112.0344,41.3365,-111.9942

57
41.3365,-112.0341
41.1526,-112.0251
177
41.1526,-112.0341,41.3365,-111.9939

58
40.8218,-111.9162
41.0002,-111.9231
357
40.8218,-111.9231,41.0002,-111.8908

59
41.0003,-111.9230
41.1526,-112.0251
326
41.0003,-112.0252,41.1526,-111.9230

60
34.1418,-117.4896
34.0335,-117.5504
209
34.0335,-117.5504,34.1418,-117.4896

61
45.5302,-112.7035
45.6316,-112.6762
15
45.5302,-112.7035,45.6316,-112.6625

62
45.5306,-112.7037
45.6316,-112.6766
15
45.5306,-112.7037,45.6316,-112.6629

63
32.7721,-117.1125
32.8522,-117.1153
358
32.7721,-117.1207,32.8522,-117.1116

64
46.0037,-112.5458
46.0045,-112.5738
271
46.0013,-112.5738,46.0045,-112.5458

65
46.0052,-112.5737
46.0038,-112.5458
92
46.0028,-112.5737,46.0052,-112.5458

66
34.1421,-117.4893
34.1418,-117.4896
226
34.1418,-117.4896,34.1421,-117.4893

67
34.1421,-117.4893
34.1418,-117.4896
226
34.1418,-117.4896,34.1421,-117.4893