18
32.7762,-117.1119
33.4326,-117.1437
357

12r
33.4326,-117.1431
34.0335,-117.55
325

0
34.0335,-117.55
35.6071,-115.3911
53

2
35.6073,-115.3915
36.8179,-114.0501
47

44
36.8176,-114.0501
37.0,-113.6224
66

26
37.0,-113.6243
37.482,-113.2209
39

8
37.482,-113.2206
38.148,-112.6115
42

40
38.148,-112.6141
38.5727,-112.6038
1

6
38.5727,-112.6035
39.3297,-112.082
34

19
39.3297,-112.0826
39.9397,-111.8111
23

30r
39.9395,-111.8107
40.4525,-111.9133
348

46r
40.4524,-111.9137
40.8218,-111.9165
359

50r
40.8218,-111.9165
41.1526,-112.0255
341

56r
41.1526,-112.0255
41.3365,-112.0344
357

14r
41.3365,-112.0344
42.0012,-112.199
346

48r
42.0012,-112.1985
42.3508,-112.2248
355

10
42.3508,-112.2248
43.0222,-112.4079
344

34
43.0222,-112.4079
43.4249,-112.1398
33

54r
43.4249,-112.1398
43.6262,-112.0799
16

36
43.6262,-112.0799
44.0578,-112.2357
340

32
44.0578,-112.2357
44.5556,-112.3092
351

4r
44.5553,-112.3094
45.5306,-112.7037
337

61
45.5302,-112.7035
45.6316,-112.6762
15

38
45.6316,-112.6766
46.0367,-112.4594
28

16
46.0365,-112.4592
46.5692,-111.9664
42

28r
46.5692,-111.9668
47.1331,-111.8963
7

23r
47.1329,-111.8963
47.6978,-111.6456
23

51
47.6978,-111.6456
47.9845,-111.7727
336

42
47.9845,-111.7727
48.393,-111.9201
340

22r
48.393,-111.9201
48.9986,-111.96
356
