0
42.9538,-124.4387
42.0548,-124.2667
169
42.0523,-124.4979,42.9538,-124.2667

1
48.1183,-123.4316
47.8812,-124.3520
255
47.8812,-124.4097,48.1183,-123.4316

2
38.2175,-122.6038
38.8527,-123.0319
326
38.2175,-123.0319,38.8527,-122.6038

3
38.2202,-122.6068
38.8527,-123.0321
326
38.2202,-123.0321,38.8527,-122.6068

4
37.4529,-122.1278
36.9825,-121.5582
129
36.9825,-122.1278,37.4529,-121.5559

5
36.9841,-121.5589
37.4527,-122.1279
309
36.9841,-122.1279,37.4527,-121.5562

6
46.9932,-123.8940
47.5336,-124.2188
328
46.9932,-124.2188,47.5336,-123.8761

7
44.2762,-124.1131
44.8434,-124.0479
6
44.2762,-124.1131,44.8434,-124.0479

8
46.7928,-123.7394
46.2349,-123.8719
193
46.2349,-124.0551,46.7928,-123.7294

9
36.1995,-121.1532
35.7911,-120.7314
134
35.7911,-121.1532,36.2045,-120.7314

10
35.7911,-120.7316
36.1980,-121.1516
314
35.7911,-121.1516,36.2042,-120.7316

11
34.3445,-119.4200
34.1523,-118.8149
107
34.1523,-119.4200,34.3445,-118.8149

12
34.1523,-118.8149
34.0334,-118.2209
101
34.0334,-118.8149,34.1735,-118.2209

13
34.0335,-118.2208
34.1525,-118.8146
281
34.0335,-118.8146,34.1737,-118.2208

14
35.2917,-120.6473
35.7387,-120.7001
353
35.2917,-120.7158,35.7387,-120.6200

15
35.7386,-120.7005
35.2919,-120.6465
173
35.2919,-120.7161,35.7386,-120.6202

16
47.6068,-122.9885
48.0503,-122.9492
5
47.6068,-122.9885,48.0503,-122.8622

17
47.1796,-123.0985
47.6068,-122.9885
14
47.1796,-123.1815,47.6068,-122.9885

18
43.8636,-124.1388
44.2762,-124.1131
3
43.8636,-124.1388,44.2762,-124.0978

19
45.0457,-123.9550
45.4476,-123.8423
15
45.0457,-123.9820,45.4476,-123.8027

20
34.8628,-120.3937
34.5119,-120.2231
154
34.5119,-120.3937,34.8628,-120.1565

21
34.5119,-120.2232
34.8627,-120.3940
334
34.5119,-120.3940,34.8627,-120.1567

22
47.5336,-124.3343
47.8812,-124.3520
357
47.5336,-124.4139,47.8812,-124.2494

23
34.3763,-119.4779
34.4331,-119.9126
277
34.3763,-119.9126,34.4422,-119.4779

24
34.3767,-119.4782
34.4333,-119.9123
277
34.3767,-119.9123,34.4424,-119.4782

25
37.7083,-122.3951
37.4527,-122.1279
133
37.4527,-122.4072,37.7083,-122.1279

26
37.7083,-122.3948
37.4529,-122.1278
133
37.4529,-122.4070,37.7083,-122.1278

27
45.7831,-123.9574
45.4778,-123.8445
159
45.4778,-123.9636,45.7831,-123.8445

28
34.2427,-119.1901
34.1525,-118.8146
103
34.1525,-119.1901,34.2427,-118.8146

29
38.1211,-122.5658
37.8254,-122.4792
163
37.8254,-122.5658,38.1211,-122.4792

30
37.8254,-122.4791
38.1209,-122.5655
343
37.8254,-122.5655,38.1209,-122.4791

31
36.3110,-121.2320
36.5259,-121.4683
312
36.3110,-121.4683,36.5259,-121.2320

32
40.8574,-124.0825
41.1375,-124.1434
347
40.8574,-124.1550,41.1375,-124.0798

33
40.8573,-124.0822
41.1372,-124.1440
347
40.8573,-124.1548,41.1372,-124.0794

34
36.3114,-121.2327
36.5250,-121.4676
312
36.3114,-121.4676,36.5250,-121.2327

35
43.8636,-124.1388
43.6114,-124.1809
189
43.6114,-124.1911,43.8636,-124.0989

36
45.9421,-123.9195
46.1828,-123.8610
13
45.9421,-123.9290,46.1828,-123.8610

37
43.1220,-124.3985
43.2892,-124.2220
46
43.1220,-124.3985,43.2912,-124.2220

38
40.1820,-123.7761
40.3576,-123.9223
320
40.1820,-123.9342,40.3576,-123.7708

39
40.1820,-123.7761
40.3570,-123.9232
319
40.1820,-123.9343,40.3570,-123.7709

40
34.2451,-119.1963
34.3464,-119.4218
294
34.2451,-119.4218,34.3464,-119.1963

41
43.4114,-124.2241
43.6114,-124.1809
12
43.4114,-124.2294,43.6114,-124.1800

42
36.8570,-121.6301
36.6604,-121.6228
177
36.6604,-121.6696,36.8570,-121.6228

43
36.6605,-121.6226
36.8569,-121.6300
357
36.6605,-121.6694,36.8569,-121.6226

44
44.8628,-124.0371
45.0457,-123.9550
24
44.8628,-124.0371,45.0457,-123.9508

45
40.5718,-124.1487
40.7609,-124.1899
347
40.5718,-124.2164,40.7609,-124.1487

46
40.7608,-124.1901
40.5720,-124.1489
167
40.5720,-124.2165,40.7608,-124.1489

47
41.1675,-124.1031
41.3489,-124.0268
22
41.1675,-124.1111,41.3489,-124.0268

48
35.2919,-120.6465
35.1149,-120.5717
157
35.1149,-120.7016,35.2920,-120.5717

49
35.1151,-120.5713
35.2917,-120.6473
336
35.1151,-120.7014,35.2918,-120.5713

50
39.6609,-123.4770
39.8282,-123.5770
329
39.6609,-123.5770,39.8282,-123.4756

51
36.5250,-121.4676
36.6604,-121.6228
311
36.5250,-121.6228,36.6604,-121.4676

52
36.6605,-121.6226
36.5259,-121.4683
131
36.5259,-121.6226,36.6605,-121.4683

53
42.9538,-124.4387
43.1190,-124.4014
12
42.9538,-124.4387,43.1191,-124.4014

54
38.9167,-123.0579
39.0566,-123.1588
324
38.9167,-123.1588,39.0566,-123.0555

55
45.7831,-123.9574
45.9380,-123.9211
13
45.7831,-123.9670,45.9380,-123.9211

56
48.0503,-122.9492
48.0747,-123.1395
277
48.0205,-123.1395,48.0747,-122.9492

57
46.7928,-123.7394
46.9302,-123.7223
7
46.7928,-123.7469,46.9302,-123.7061

58
39.2641,-123.2269
39.3758,-123.3257
318
39.2641,-123.3257,39.3758,-123.2269

59
39.2642,-123.2268
39.3758,-123.3257
318
39.2642,-123.3257,39.3758,-123.2268

60
40.4543,-124.0638
40.5720,-124.1489
324
40.4543,-124.1515,40.5720,-124.0638

61
40.4544,-124.0636
40.5718,-124.1487
324
40.4544,-124.1513,40.5718,-124.0636

62
39.0814,-123.1806
39.2108,-123.2044
349
39.0814,-123.2128,39.2108,-123.1806

63
36.1980,-121.1516
36.3114,-121.2327
324
36.1980,-121.2327,36.3114,-121.1516

64
36.1995,-121.1532
36.3110,-121.2320
324
36.1995,-121.2320,36.3110,-121.1532

65
34.9853,-120.4331
34.8627,-120.3940
162
34.8627,-120.4331,34.9853,-120.3940

66
34.9851,-120.4329
34.8628,-120.3937
162
34.8628,-120.4329,34.9851,-120.3937

67
41.3489,-124.0268
41.4648,-124.0419
352
41.3489,-124.0475,41.4648,-124.0142

68
41.4634,-124.0364
41.3489,-124.0268
175
41.3489,-124.0364,41.4634,-123.9895

69
34.9853,-120.4331
35.0759,-120.5215
315
34.9853,-120.5215,35.0759,-120.4331

70
34.9851,-120.4329
35.0754,-120.5202
315
34.9851,-120.5202,35.0754,-120.4329

71
39.8634,-123.7132
39.8282,-123.5770
104
39.8259,-123.7169,39.8634,-123.5770

72
39.8634,-123.7132
39.8282,-123.5770
104
39.8260,-123.7167,39.8634,-123.5770

73
40.3964,-123.9439
40.4544,-124.0636
295
40.3964,-124.0636,40.4544,-123.9439

74
40.4543,-124.0638
40.3965,-123.9446
115
40.3965,-124.0638,40.4543,-123.9446

75
34.4654,-120.0675
34.4734,-120.2031
273
34.4611,-120.2031,34.4746,-120.0675

76
41.6161,-124.1070
41.7180,-124.1369
343
41.6161,-124.1369,41.7180,-124.1064

77
34.4645,-120.0742
34.4734,-120.1986
274
34.4617,-120.1986,34.4748,-120.0742

78
40.8000,-124.1750
40.8573,-124.0822
58
40.8000,-124.1750,40.8573,-124.0817

79
40.8000,-124.1750
40.8574,-124.0825
58
40.8000,-124.1751,40.8574,-124.0820

80
47.0907,-123.0750
47.1796,-123.0985
345
47.0905,-123.1025,47.1796,-123.0750

81
47.0908,-123.0750
47.1796,-123.0985
345
47.0907,-123.1023,47.1796,-123.0750

82
47.0560,-123.0097
47.0228,-122.9097
108
47.0228,-123.0097,47.0560,-122.9097

83
47.0551,-123.0064
47.0208,-122.9081
109
47.0208,-123.0064,47.0551,-122.9081

84
39.1309,-123.1954
39.2108,-123.2046
353
39.1309,-123.2130,39.2108,-123.1954

85
46.9344,-123.7268
46.9747,-123.8147
294
46.9338,-123.8147,46.9747,-123.7268

86
40.0337,-123.7849
40.1125,-123.7927
354
40.0318,-123.7968,40.1125,-123.7755

87
40.0338,-123.7848
40.1125,-123.7927
354
40.0318,-123.7970,40.1125,-123.7756

88
36.8569,-121.6300
36.9094,-121.5558
54
36.8569,-121.6300,36.9094,-121.5558

89
36.9094,-121.5560
36.8570,-121.6301
234
36.8570,-121.6301,36.9094,-121.5560

90
34.4606,-120.0011
34.4333,-119.9123
107
34.4333,-120.0011,34.4606,-119.9123

91
34.4603,-120.0007
34.4331,-119.9126
107
34.4331,-120.0007,34.4603,-119.9126

92
42.0545,-124.2656
41.9984,-124.2083
134
41.9984,-124.2656,42.0545,-124.2083

93
48.0806,-123.1796
48.0931,-123.2690
277
48.0806,-123.2690,48.0931,-123.1796

94
38.1854,-122.6007
38.1209,-122.5655
151
38.1209,-122.6007,38.1854,-122.5636

95
38.1853,-122.6009
38.1211,-122.5658
151
38.1211,-122.6009,38.1853,-122.5639

96
39.8634,-123.7132
39.9191,-123.7663
316
39.8634,-123.7673,39.9191,-123.7104

97
36.9174,-121.5481
36.9841,-121.5589
350
36.9174,-121.5589,36.9841,-121.5473

98
36.9174,-121.5480
36.9825,-121.5582
351
36.9174,-121.5582,36.9825,-121.5469

99
47.0551,-123.0064
47.0907,-123.0750
297
47.0551,-123.0750,47.0915,-123.0064

100
47.0560,-123.0097
47.0908,-123.0750
298
47.0560,-123.0750,47.0917,-123.0097

101
38.8582,-123.0382
38.9167,-123.0579
341
38.8582,-123.0579,38.9167,-123.0382

102
38.8583,-123.0384
38.9167,-123.0579
341
38.8583,-123.0579,38.9167,-123.0384

103
41.5550,-124.0558
41.6020,-124.1000
316
41.5550,-124.1010,41.6020,-124.0558

104
47.5336,-124.2188
47.5335,-124.2926
269
47.5335,-124.2926,47.5420,-124.2188

105
35.7386,-120.7005
35.7911,-120.7316
329
35.7386,-120.7316,35.7911,-120.6988

106
35.7387,-120.7001
35.7911,-120.7314
329
35.7387,-120.7314,35.7911,-120.6986

107
34.4606,-120.0011
34.4645,-120.0742
273
34.4606,-120.0742,34.4658,-120.0011

108
48.0931,-123.2690
48.1024,-123.3407
277
48.0931,-123.3407,48.1024,-123.2690

109
48.1024,-123.3407
48.0931,-123.2690
97
48.0931,-123.3407,48.1024,-123.2690

110
35.0754,-120.5202
35.1151,-120.5713
307
35.0754,-120.5713,35.1151,-120.5202

111
35.1149,-120.5717
35.0759,-120.5215
127
35.0759,-120.5717,35.1149,-120.5215

112
34.4603,-120.0007
34.4654,-120.0675
274
34.4603,-120.0675,34.4654,-120.0007

113
46.1831,-123.8605
46.2349,-123.8719
347
46.1831,-123.8719,46.2349,-123.8489

114
46.9706,-123.8249
46.9806,-123.8857
279
46.9706,-123.8857,46.9806,-123.8249

115
48.1024,-123.3407
48.1067,-123.4018
273
48.1024,-123.4018,48.1093,-123.3407

116
46.9701,-123.8261
46.9806,-123.8857
280
46.9701,-123.8874,46.9806,-123.8261

117
39.0818,-123.1811
39.1281,-123.1952
343
39.0818,-123.1961,39.1281,-123.1811

118
41.4648,-124.0376
41.5104,-124.0293
10
41.4648,-124.0510,41.5104,-124.0293

119
41.4648,-124.0375
41.5104,-124.0293
10
41.4648,-124.0509,41.5104,-124.0293

120
41.1372,-124.1440
41.1675,-124.1031
53
41.1372,-124.1440,41.1675,-124.1031

121
41.1375,-124.1434
41.1675,-124.1031
53
41.1375,-124.1434,41.1675,-124.1031

122
34.4734,-120.1986
34.5119,-120.2231
327
34.4734,-120.2309,34.5119,-120.1986

123
40.3570,-123.9232
40.3965,-123.9446
331
40.3570,-123.9446,40.3965,-123.9199

124
40.3576,-123.9223
40.3964,-123.9439
330
40.3576,-123.9439,40.3964,-123.9198

125
34.4734,-120.2031
34.5119,-120.2232
332
34.4732,-120.2312,34.5119,-120.2031

126
39.2256,-123.2073
39.2642,-123.2268
333
39.2256,-123.2268,39.2642,-123.2071

127
39.2255,-123.2075
39.2641,-123.2269
333
39.2255,-123.2269,39.2641,-123.2073

128
40.7608,-124.1901
40.7998,-124.1750
21
40.7608,-124.1917,40.7998,-124.1750

129
40.7609,-124.1899
40.7998,-124.1750
20
40.7609,-124.1916,40.7998,-124.1750

130
40.1442,-123.8050
40.1770,-123.7812
36
40.1442,-123.8050,40.1770,-123.7812

131
39.6247,-123.4639
39.6604,-123.4773
339
39.6247,-123.4777,39.6604,-123.4622

132
34.3445,-119.4200
34.3696,-119.4544
306
34.3445,-119.4544,34.3696,-119.4200

133
41.7758,-124.1850
41.7999,-124.1505
55
41.7758,-124.1850,41.7999,-124.1505

134
38.2202,-122.6068
38.1853,-122.6009
170
38.1853,-122.6068,38.2202,-122.5982

135
37.8254,-122.4792
37.8007,-122.4477
128
37.8007,-122.4792,37.8254,-122.4477

136
37.8009,-122.4478
37.8254,-122.4791
308
37.8009,-122.4791,37.8254,-122.4478

137
34.3464,-119.4218
34.3697,-119.4542
305
34.3464,-119.4542,34.3697,-119.4218

138
40.1125,-123.7927
40.1442,-123.8050
338
40.1125,-123.8091,40.1442,-123.7927

139
47.5336,-124.3343
47.5335,-124.2926
90
47.5160,-124.3376,47.5336,-124.2926

140
40.0020,-123.7832
40.0336,-123.7931
342
40.0020,-123.7942,40.0336,-123.7832

141
38.1854,-122.6007
38.2175,-122.6038
354
38.1854,-122.6038,38.2175,-122.5980

142
41.7760,-124.1854
41.7969,-124.1548
55
41.7760,-124.1854,41.7969,-124.1548

143
39.0566,-123.1588
39.0818,-123.1811
318
39.0566,-123.1811,39.0818,-123.1588

144
39.0566,-123.1588
39.0814,-123.1806
318
39.0566,-123.1806,39.0814,-123.1588

145
41.9585,-124.2038
41.9861,-124.2048
357
41.9585,-124.2048,41.9861,-124.2027

146
48.1067,-123.4018
48.1183,-123.4316
291
48.1067,-123.4316,48.1183,-123.4018

147
48.1067,-123.4018
48.1183,-123.4316
291
48.1067,-123.4316,48.1192,-123.4018

148
41.5104,-124.0293
41.5302,-124.0407
330
41.5104,-124.0407,41.5302,-124.0284

149
43.3769,-124.2151
43.3981,-124.2207
345
43.3769,-124.2213,43.3981,-124.2151

150
48.0785,-123.1664
48.0747,-123.1395
98
48.0747,-123.1664,48.0785,-123.1395

151
48.0747,-123.1395
48.0785,-123.1664
278
48.0747,-123.1664,48.0785,-123.1395

152
41.5335,-124.0440
41.5525,-124.0545
331
41.5335,-124.0545,41.5525,-124.0440

153
43.3565,-124.2119
43.3769,-124.2151
351
43.3565,-124.2151,43.3769,-124.2119

154
43.3565,-124.2119
43.3769,-124.2151
351
43.3564,-124.2151,43.3769,-124.2119

155
34.3697,-119.4542
34.3767,-119.4782
286
34.3697,-119.4782,34.3767,-119.4542

156
41.9343,-124.1675
41.9433,-124.1899
291
41.9343,-124.1899,41.9433,-124.1675

157
34.3696,-119.4544
34.3763,-119.4779
285
34.3696,-119.4779,34.3763,-119.4544

158
43.2892,-124.2220
43.3067,-124.2115
31
43.2892,-124.2220,43.3067,-124.2115

159
43.2892,-124.2220
43.3067,-124.2115
31
43.2892,-124.2220,43.3067,-124.2113

160
41.7180,-124.1369
41.7340,-124.1497
321
41.7180,-124.1497,41.7340,-124.1369

161
41.7180,-124.1369
41.7340,-124.1497
321
41.7180,-124.1497,41.7340,-124.1369

162
43.3067,-124.2115
43.3234,-124.2060
18
43.3067,-124.2115,43.3234,-124.2059

163
39.3758,-123.3257
39.3842,-123.3434
295
39.3756,-123.3434,39.3842,-123.3257

164
39.9312,-123.7638
39.9416,-123.7783
305
39.9312,-123.7783,39.9416,-123.7638

165
41.6020,-124.1000
41.6161,-124.1070
333
41.6020,-124.1070,41.6161,-124.1000

166
41.6020,-124.1000
41.6161,-124.1070
333
41.6020,-124.1070,41.6161,-124.0999

167
39.9312,-123.7638
39.9410,-123.7779
304
39.9312,-123.7779,39.9410,-123.7638

168
45.4578,-123.8440
45.4721,-123.8443
358
45.4578,-123.8445,45.4721,-123.8440

169
46.9806,-123.8857
46.9931,-123.8939
326
46.9806,-123.8939,46.9931,-123.8857

170
43.3981,-124.2207
43.4114,-124.2241
345
43.3981,-124.2241,43.4114,-124.2207

171
43.3981,-124.2207
43.4114,-124.2241
345
43.3981,-124.2241,43.4114,-124.2207

172
44.8628,-124.0371
44.8506,-124.0438
208
44.8506,-124.0439,44.8628,-124.0371

173
44.8506,-124.0438
44.8628,-124.0371
28
44.8506,-124.0438,44.8628,-124.0371

174
39.9191,-123.7663
39.9312,-123.7638
11
39.9191,-123.7663,39.9312,-123.7607

175
43.3445,-124.1977
43.3554,-124.2023
336
43.3445,-124.2023,43.3554,-124.1977

176
41.7340,-124.1497
41.7396,-124.1614
295
41.7340,-124.1614,41.7396,-124.1497

177
41.7410,-124.1643
41.7458,-124.1760
292
41.7410,-124.1760,41.7458,-124.1643

178
45.4476,-123.8423
45.4578,-123.8440
350
45.4476,-123.8440,45.4578,-123.8423

179
45.4476,-123.8423
45.4578,-123.8440
350
45.4476,-123.8440,45.4578,-123.8423

180
43.3297,-124.2011
43.3397,-124.1985
14
43.3297,-124.2011,43.3397,-124.1979

181
36.9094,-121.5560
36.9174,-121.5481
44
36.9094,-121.5560,36.9174,-121.5481

182
36.9094,-121.5558
36.9174,-121.5480
43
36.9094,-121.5558,36.9174,-121.5480

183
46.9706,-123.8249
46.9747,-123.8147
68
46.9706,-123.8249,46.9754,-123.8147

184
46.9698,-123.8241
46.9747,-123.8147
62
46.9698,-123.8241,46.9747,-123.8147

185
38.8527,-123.0321
38.8583,-123.0384
311
38.8527,-123.0384,38.8583,-123.0321

186
44.8502,-124.0441
44.8434,-124.0479
209
44.8434,-124.0479,44.8502,-124.0441

187
44.8434,-124.0479
44.8502,-124.0441
29
44.8434,-124.0479,44.8502,-124.0441

188
43.3234,-124.2060
43.3297,-124.2011
37
43.3234,-124.2065,43.3297,-124.2011

189
43.3234,-124.2060
43.3297,-124.2011
37
43.3234,-124.2062,43.3297,-124.2011

190
38.8527,-123.0319
38.8582,-123.0382
311
38.8527,-123.0382,38.8582,-123.0319

191
41.9322,-124.1558
41.9337,-124.1641
280
41.9322,-124.1641,41.9337,-124.1558

192
40.0336,-123.7931
40.0338,-123.7848
89
40.0336,-123.7931,40.0355,-123.7848

193
40.0336,-123.7931
40.0337,-123.7849
89
40.0336,-123.7931,40.0355,-123.7849

194
40.1770,-123.7812
40.1820,-123.7761
45
40.1770,-123.7812,40.1820,-123.7761

195
45.4721,-123.8443
45.4778,-123.8445
357
45.4721,-123.8445,45.4778,-123.8442

196
45.4778,-123.8445
45.4721,-123.8443
177
45.4721,-123.8445,45.4778,-123.8443

197
46.9302,-123.7223
46.9344,-123.7268
313
46.9302,-123.7268,46.9344,-123.7223

198
46.9344,-123.7268
46.9302,-123.7223
133
46.9302,-123.7268,46.9344,-123.7223

199
43.3559,-124.2050
43.3565,-124.2119
275
43.3559,-124.2119,43.3565,-124.2050

200
34.2427,-119.1901
34.2451,-119.1963
291
34.2427,-119.1963,34.2451,-119.1901

201
43.3397,-124.1985
43.3445,-124.1977
10
43.3397,-124.1986,43.3445,-124.1976

202
43.3397,-124.1985
43.3445,-124.1977
10
43.3397,-124.1988,43.3445,-124.1977

203
48.0796,-123.1737
48.0806,-123.1796
279
48.0796,-123.1796,48.0806,-123.1737

204
48.0806,-123.1796
48.0796,-123.1737
99
48.0796,-123.1796,48.0806,-123.1737

205
45.9421,-123.9195
45.9380,-123.9211
201
45.9380,-123.9212,45.9421,-123.9193

206
41.5302,-124.0407
41.5335,-124.0440
314
41.5302,-124.0440,41.5335,-124.0407

207
41.5302,-124.0407
41.5335,-124.0440
314
41.5302,-124.0440,41.5335,-124.0407

208
43.1220,-124.3985
43.1190,-124.4014
224
43.1190,-124.4014,43.1220,-124.3985

209
43.1220,-124.3985
43.1190,-124.4014
224
43.1190,-124.4014,43.1220,-124.3984

210
48.0794,-123.1721
48.0788,-123.1683
98
48.0788,-123.1721,48.0794,-123.1683

211
48.0788,-123.1683
48.0794,-123.1721
278
48.0788,-123.1721,48.0794,-123.1683

212
39.9191,-123.7663
39.9191,-123.7625
90
39.9191,-123.7663,39.9191,-123.7625

213
41.9337,-124.1641
41.9343,-124.1675
280
41.9337,-124.1675,41.9343,-124.1641

214
41.9337,-124.1641
41.9343,-124.1675
280
41.9337,-124.1675,41.9343,-124.1641

215
41.7396,-124.1614
41.7410,-124.1643
295
41.7396,-124.1643,41.7410,-124.1614

216
41.7396,-124.1614
41.7410,-124.1643
295
41.7396,-124.1643,41.7410,-124.1614

217
41.5525,-124.0545
41.5550,-124.0558
333
41.5525,-124.0558,41.5550,-124.0545

218
41.5525,-124.0545
41.5550,-124.0558
333
41.5525,-124.0558,41.5550,-124.0545

219
45.9398,-123.9192
45.9421,-123.9195
351
45.9398,-123.9195,45.9421,-123.9190

220
45.9398,-123.9192
45.9380,-123.9211
228
45.9380,-123.9211,45.9398,-123.9192

221
45.9380,-123.9211
45.9398,-123.9192
48
45.9360,-123.9211,45.9398,-123.9185

222
43.3559,-124.2050
43.3554,-124.2023
100
43.3554,-124.2050,43.3559,-124.2023

223
43.3554,-124.2023
43.3559,-124.2050
280
43.3554,-124.2050,43.3559,-124.2023

224
37.9024,-122.5159
37.9005,-122.5161
185
37.9005,-122.5161,37.9024,-122.5159

225
41.4648,-124.0376
41.4634,-124.0364
139
41.4634,-124.0376,41.4648,-124.0364

226
41.9296,-124.1452
41.9305,-124.1471
293
41.9296,-124.1471,41.9305,-124.1452

227
41.4634,-124.0364
41.4648,-124.0375
322
41.4634,-124.0375,41.4648,-124.0364

228
46.9698,-123.8241
46.9701,-123.8261
275
46.9693,-123.8261,46.9701,-123.8241

229
48.0785,-123.1664
48.0788,-123.1683
279
48.0785,-123.1683,48.0788,-123.1664

230
48.0794,-123.1721
48.0796,-123.1737
278
48.0794,-123.1737,48.0796,-123.1721

231
46.9701,-123.8261
46.9706,-123.8249
64
46.9701,-123.8261,46.9706,-123.8249

232
46.9698,-123.8241
46.9706,-123.8249
314
46.9698,-123.8249,46.9706,-123.8241

233
42.0545,-124.2656
42.0548,-124.2667
280
42.0545,-124.2667,42.0548,-124.2656

234
42.0548,-124.2667
42.0545,-124.2656
100
42.0545,-124.2667,42.0548,-124.2656

235
39.9410,-123.7779
39.9416,-123.7783
326
39.9410,-123.8024,40.0014,-123.7779

236
40.0014,-123.7835
40.0020,-123.7832
23
40.0014,-123.7835,40.0020,-123.7832

237
41.3486,-124.0264
41.3489,-124.0268
309
41.3486,-124.0268,41.3489,-124.0264

238
44.8502,-124.0441
44.8506,-124.0438
29
44.8502,-124.0441,44.8506,-124.0438

239
39.6605,-123.4773
39.6607,-123.4771
31
39.6605,-123.4773,39.6607,-123.4771

240
37.8007,-122.4477
37.8009,-122.4478
324
37.7987,-122.4478,37.8014,-122.4245

241
39.2219,-123.2072
39.2222,-123.2072
354
39.2219,-123.2072,39.2222,-123.2072

242
37.7083,-122.3951
37.7083,-122.3948
94
37.7083,-122.4234,37.7720,-122.3948

243
40.7998,-124.1750
40.8000,-124.1750
359
40.7998,-124.1750,40.8000,-124.1750

244
41.9895,-124.2072
41.9895,-124.2072
270
41.9861,-124.2081,41.9949,-124.2048

245
39.5640,-123.4341
39.5640,-123.4341
0
39.5141,-123.4652,39.6247,-123.3890

246
39.3945,-123.3489
39.3945,-123.3489
0
39.3842,-123.3548,39.4185,-123.3434