0
34.0039,-117.0652
33.6046,-114.5308
98
33.6046,-117.0652,34.0039,-114.5308

1
34.0039,-117.0649
33.6048,-114.5307
98
33.6048,-117.0649,34.0039,-114.5307

2
30.7176,-101.8095
30.9520,-103.4089
278
30.7176,-103.4089,30.9520,-101.8095

3
30.7178,-101.8095
30.9524,-103.4086
278
30.7178,-103.4086,30.9524,-101.8095

4
33.2047,-111.9087
33.5665,-113.3351
284
33.2047,-113.3351,33.5665,-111.9087

5
33.5660,-113.3350
33.2047,-111.9091
104
33.2047,-113.3350,33.5660,-111.9091

6
31.9632,-110.4513
32.2273,-109.0484
79
31.9627,-110.4513,32.3626,-109.0484

7
31.9635,-110.4513
32.2275,-109.0484
79
31.9630,-110.4513,32.3629,-109.0484

8
33.5660,-113.3350
33.6046,-114.5308
271
33.5660,-114.5308,33.6791,-113.3350

9
33.5665,-113.3351
33.6048,-114.5307
271
33.5665,-114.5307,33.6794,-113.3351

10
31.4083,-105.9723
31.0422,-104.9089
108
31.0422,-105.9723,31.4083,-104.9089

11
31.0424,-104.9089
31.4085,-105.9721
289
31.0424,-105.9721,31.4085,-104.9089

12
33.2047,-111.9087
32.5016,-111.2664
137
32.5016,-111.9087,33.2047,-111.2664

13
33.2047,-111.9091
32.5016,-111.2669
137
32.5016,-111.9091,33.2047,-111.2669

14
32.5016,-111.2669
31.9632,-110.4513
123
31.9632,-111.2669,32.5016,-110.4513

15
32.5016,-111.2664
31.9635,-110.4513
123
31.9635,-111.2664,32.5016,-110.4513

16
32.0007,-106.5829
31.4083,-105.9723
134
31.4083,-106.5829,32.0007,-105.9723

17
32.0007,-106.5826
31.4085,-105.9721
134
31.4085,-106.5827,32.0007,-105.9721

18
32.2072,-108.2298
32.2430,-107.2984
87
32.2072,-108.2298,32.2872,-107.2984

19
32.2426,-107.2984
32.2069,-108.2298
267
32.2069,-108.2298,32.2869,-107.2984

20
30.6640,-100.9607
30.4688,-100.1166
103
30.4435,-100.9607,30.6640,-100.1166

21
30.6637,-100.9607
30.4686,-100.1166
103
30.4432,-100.9607,30.6637,-100.1166

22
30.7176,-101.8095
30.6637,-100.9607
93
30.6637,-101.8095,30.7474,-100.9607

23
30.7178,-101.8095
30.6640,-100.9607
93
30.6640,-101.8095,30.7476,-100.9607

24
32.2430,-107.2984
32.0007,-106.5826
108
32.0007,-107.2984,32.2952,-106.5826

25
32.2426,-107.2984
32.0007,-106.5829
108
32.0007,-107.2984,32.2950,-106.5829

26
29.8212,-94.9098
29.7851,-95.6412
267
29.7673,-95.6412,29.8214,-94.9098

27
31.0424,-104.9089
31.0630,-104.1806
88
31.0358,-104.9089,31.0738,-104.1806

28
31.0627,-104.1811
31.0422,-104.9089
268
31.0356,-104.9089,31.0734,-104.1811

29
30.1275,-93.7014
30.2507,-92.9969
80
30.1275,-93.7014,30.2507,-92.9969

30
30.1273,-93.7014
30.2502,-92.9969
80
30.1273,-93.7014,30.2502,-92.9969

31
30.9524,-103.4086
31.0840,-104.0701
281
30.9524,-104.0701,31.0904,-103.4086

32
30.9520,-103.4089
31.0834,-104.0692
281
30.9520,-104.0692,31.0891,-103.4089

33
34.0820,-117.7099
34.0039,-117.0649
96
34.0039,-117.7099,34.0875,-117.0649

34
34.0818,-117.7100
34.0039,-117.0652
96
34.0039,-117.7100,34.0873,-117.0652

35
30.4688,-100.1166
30.2886,-99.5222
106
30.2886,-100.1166,30.5282,-99.5222

36
30.2886,-99.5228
30.4686,-100.1166
286
30.2886,-100.1166,30.5279,-99.5228

37
30.6866,-88.0073
30.5736,-87.4124
100
30.5736,-88.0073,30.6866,-87.4124

38
30.5738,-87.4122
30.6870,-88.0070
280
30.5738,-88.0070,30.6870,-87.4122

39
29.5012,-98.1863
29.6494,-97.6335
74
29.5012,-98.1863,29.6520,-97.6335

40
29.6492,-97.6337
29.5010,-98.1863
254
29.5010,-98.1863,29.6517,-97.6337

41
29.8581,-94.3575
29.8210,-94.9099
266
29.8210,-94.9099,29.8581,-94.3575

42
29.8212,-94.9098
29.8583,-94.3575
86
29.8211,-94.9098,29.8583,-94.3575

43
30.6334,-84.9043
30.7465,-85.4326
282
30.6334,-85.4326,30.7580,-84.9043

44
30.6337,-84.9043
30.7467,-85.4326
282
30.6337,-85.4326,30.7583,-84.9043

45
30.3581,-83.1936
30.4455,-83.7244
279
30.3581,-83.7244,30.4455,-83.1936

46
30.4453,-83.7244
30.3578,-83.1936
99
30.3578,-83.7244,30.4453,-83.1936

47
30.6334,-84.9043
30.4850,-84.3974
106
30.4850,-84.9043,30.6334,-84.3974

48
30.4853,-84.3975
30.6337,-84.9043
286
30.4853,-84.9043,30.6337,-84.3975

49
29.6886,-96.8196
29.7483,-96.2966
83
29.6883,-96.8196,29.7483,-96.2966

50
29.6888,-96.8193
29.7485,-96.2967
83
29.6885,-96.8193,29.7485,-96.2967

51
32.2275,-109.0484
32.2707,-108.5369
85
32.2225,-109.0484,32.3548,-108.5369

52
32.2273,-109.0484
32.2704,-108.5369
85
32.2224,-109.0484,32.3545,-108.5369

53
34.0551,-118.2140
34.0818,-117.7100
86
34.0535,-118.2140,34.0818,-117.7100

54
30.4742,-88.4005
30.4538,-88.8834
267
30.4316,-88.8834,30.4742,-88.4005

55
30.4745,-88.4005
30.4541,-88.8834
267
30.4320,-88.8834,30.4745,-88.4005

56
30.4745,-88.4005
30.6870,-88.0070
61
30.4745,-88.4005,30.6922,-88.0070

57
30.4742,-88.4005
30.6866,-88.0073
61
30.4742,-88.4005,30.6920,-88.0073

58
30.3835,-89.3409
30.4538,-88.8834
81
30.3835,-89.3409,30.4605,-88.8834

59
30.4541,-88.8834
30.3839,-89.3409
261
30.3839,-89.3409,30.4608,-88.8834

60
29.8210,-94.9099
29.7707,-95.3662
263
29.7670,-95.3662,29.8213,-94.9099

61
34.0629,-118.1621
34.0820,-117.7099
87
34.0629,-118.1621,34.0820,-117.7099

62
30.2477,-92.1762
30.2404,-92.6225
269
30.2310,-92.6225,30.2525,-92.1762

63
30.2402,-92.6225
30.2475,-92.1762
89
30.2307,-92.6225,30.2523,-92.1762

64
30.7037,-85.9581
30.7287,-86.3916
273
30.6902,-86.3916,30.7500,-85.9581

65
30.7297,-86.3916
30.7037,-85.9589
93
30.6906,-86.3916,30.7509,-85.9589

66
30.2741,-82.7947
30.3578,-83.1936
281
30.2741,-83.1936,30.3578,-82.7947

67
30.2743,-82.7947
30.3581,-83.1936
281
30.2743,-83.1936,30.3581,-82.7947

68
30.2567,-82.4575
30.2814,-82.0496
86
30.2328,-82.4575,30.2814,-82.0496

69
30.2572,-82.4575
30.2816,-82.0496
86
30.2331,-82.4575,30.2816,-82.0496

70
30.5197,-87.1433
30.6851,-86.7924
64
30.5197,-87.1433,30.6851,-86.7924

71
30.5195,-87.1431
30.6849,-86.7924
64
30.5195,-87.1431,30.6849,-86.7924

72
30.6851,-86.7924
30.7297,-86.3916
83
30.6851,-86.7924,30.7297,-86.3916

73
30.7287,-86.3916
30.6849,-86.7924
263
30.6849,-86.7924,30.7287,-86.3916

74
29.8581,-94.3575
30.0946,-94.0911
48
29.8581,-94.3575,30.0961,-94.0911

75
30.0947,-94.0910
29.8583,-94.3575
228
29.8583,-94.3575,30.0962,-94.0910

76
29.4590,-98.5160
29.7387,-98.6875
328
29.4590,-98.6875,29.7387,-98.5160

77
29.4601,-98.5158
29.7388,-98.6873
328
29.4601,-98.6873,29.7388,-98.5158

78
29.9871,-98.9206
29.7388,-98.6873
136
29.7388,-98.9206,29.9871,-98.6873

79
30.1273,-93.7014
30.0946,-94.0911
265
30.0946,-94.0911,30.1358,-93.7014

80
30.1275,-93.7014
30.0947,-94.0910
265
30.0947,-94.0910,30.1360,-93.7014

81
29.9868,-98.9206
29.7387,-98.6875
136
29.7387,-98.9206,29.9868,-98.6875

82
29.9958,-90.1234
30.1814,-89.8247
58
29.9537,-90.1234,30.1814,-89.8247

83
29.9962,-90.1233
30.1816,-89.8251
58
29.9543,-90.1233,30.1816,-89.8251

84
29.6888,-96.8193
29.6923,-97.1952
270
29.6880,-97.1952,29.6982,-96.8193

85
29.6920,-97.1948
29.6886,-96.8196
90
29.6878,-97.1948,29.6978,-96.8196

86
30.2502,-92.9969
30.2402,-92.6225
91
30.2402,-92.9969,30.2502,-92.6225

87
30.2404,-92.6225
30.2507,-92.9969
271
30.2404,-92.9969,30.2507,-92.6225

88
29.6920,-97.1948
29.6534,-97.5569
263
29.6492,-97.5569,29.6924,-97.1948

89
29.6536,-97.5565
29.6923,-97.1952
83
29.6495,-97.5565,29.6927,-97.1952

90
29.9868,-98.9206
30.1349,-99.2298
295
29.9868,-99.2298,30.1349,-98.9206

91
30.2835,-82.0375
30.3252,-81.6798
83
30.2835,-82.0375,30.3252,-81.6798

92
29.9871,-98.9206
30.1349,-99.2293
295
29.9871,-99.2293,30.1349,-98.9206

93
30.3244,-81.6803
30.2838,-82.0372
263
30.2838,-82.0372,30.3244,-81.6803

94
30.4853,-84.3975
30.4840,-84.0412
90
30.4782,-84.3975,30.5020,-84.0412

95
30.4850,-84.3974
30.4837,-84.0412
90
30.4780,-84.3974,30.5018,-84.0412

96
30.3302,-91.0138
30.1437,-90.7590
126
30.1437,-91.0138,30.3302,-90.7590

97
30.1436,-90.7596
30.3300,-91.0141
306
30.1436,-91.0141,30.3300,-90.7596

98
29.3961,-98.5049
29.5010,-98.1863
71
29.3939,-98.5049,29.5010,-98.1863

99
30.2741,-82.7947
30.2567,-82.4575
92
30.2408,-82.7947,30.2741,-82.4575

100
30.2572,-82.4575
30.2743,-82.7947
272
30.2411,-82.7947,30.2743,-82.4575

101
29.4258,-98.5011
29.5012,-98.1863
76
29.3940,-98.5117,29.5012,-98.1863

102
30.3635,-91.6446
30.2810,-91.9499
254
30.2810,-91.9499,30.3635,-91.6446

103
30.2812,-91.9500
30.3636,-91.6448
74
30.2812,-91.9500,30.3636,-91.6448

104
30.4837,-84.0412
30.4453,-83.7244
96
30.4453,-84.0412,30.4894,-83.7244

105
30.4840,-84.0412
30.4455,-83.7244
96
30.4455,-84.0412,30.4897,-83.7244

106
32.2707,-108.5369
32.2072,-108.2298
101
32.1791,-108.5369,32.2707,-108.2298

107
32.2069,-108.2298
32.2704,-108.5369
281
32.1789,-108.5369,32.2704,-108.2298

108
30.3839,-89.3409
30.3034,-89.6416
255
30.3034,-89.6416,30.3839,-89.3409

109
30.3034,-89.6415
30.3835,-89.3409
75
30.3034,-89.6415,30.3835,-89.3409

110
34.0551,-118.2140
34.0125,-118.4905
261
34.0125,-118.4905,34.0551,-118.2139

111
34.0551,-118.2143
34.0126,-118.4906
261
34.0126,-118.4906,34.0551,-118.2141

112
30.5736,-87.4124
30.5195,-87.1431
101
30.5020,-87.4124,30.5736,-87.1431

113
30.5738,-87.4122
30.5197,-87.1433
101
30.5022,-87.4122,30.5738,-87.1433

114
29.7847,-95.6413
29.7707,-95.3662
92
29.7707,-95.6413,29.7847,-95.3662

115
29.7485,-96.2967
29.7712,-96.0361
85
29.7485,-96.2967,29.7765,-96.0361

116
29.7710,-96.0360
29.7483,-96.2966
265
29.7483,-96.2966,29.7763,-96.0360

117
30.2886,-99.5228
30.1830,-99.3014
115
30.1830,-99.5228,30.2886,-99.3014

118
30.1833,-99.3014
30.2886,-99.5222
295
30.1833,-99.5222,30.2886,-99.3014

119
30.3635,-91.6446
30.4263,-91.4080
75
30.3635,-91.6446,30.4263,-91.4080

120
30.3636,-91.6448
30.4268,-91.4083
75
30.3636,-91.6448,30.4268,-91.4083

121
30.0796,-90.4101
30.1207,-90.6498
279
30.0796,-90.6498,30.1207,-90.4101

122
30.0794,-90.4102
30.1204,-90.6498
279
30.0794,-90.6498,30.1204,-90.4102

123
30.1816,-89.8251
30.3034,-89.6416
56
30.1816,-89.8251,30.3046,-89.6416

124
30.1814,-89.8247
30.3034,-89.6415
56
30.1814,-89.8247,30.3043,-89.6415

125
30.2475,-92.1762
30.2810,-91.9499
81
30.2468,-92.1762,30.2810,-91.9499

126
30.2812,-91.9500
30.2477,-92.1762
261
30.2470,-92.1762,30.2812,-91.9500

127
30.4395,-91.1959
30.3302,-91.0138
120
30.3302,-91.1959,30.4395,-91.0138

128
30.4394,-91.1959
30.3300,-91.0141
121
30.3300,-91.1959,30.4394,-91.0141

129
30.4395,-91.1959
30.4268,-91.4083
266
30.4268,-91.4083,30.4537,-91.1959

130
30.4263,-91.4080
30.4394,-91.1959
86
30.4263,-91.4080,30.4535,-91.1959

131
29.7794,-95.4516
29.7849,-95.6399
271
29.7794,-95.6399,29.7849,-95.4516

132
30.7465,-85.4326
30.7554,-85.6187
272
30.7445,-85.6187,30.7554,-85.4326

133
30.7467,-85.4326
30.7557,-85.6186
272
30.7452,-85.6186,30.7557,-85.4326

134
29.7712,-96.0361
29.7774,-95.8546
88
29.7712,-96.0361,29.7828,-95.8546

135
29.7710,-96.0360
29.7773,-95.8550
88
29.7710,-96.0360,29.7815,-95.8550

136
29.7851,-95.6412
29.7807,-95.8126
268
29.7807,-95.8126,29.7856,-95.6412

137
29.7806,-95.8125
29.7847,-95.6413
88
29.7806,-95.8125,29.7854,-95.6413

138
30.0064,-90.2795
30.0794,-90.4102
299
30.0060,-90.4102,30.0794,-90.2795

139
30.0796,-90.4101
30.0068,-90.2795
119
30.0064,-90.4101,30.0796,-90.2795

140
30.0068,-90.2795
29.9962,-90.1233
93
29.9962,-90.2795,30.0096,-90.1233

141
29.9958,-90.1234
30.0064,-90.2795
273
29.9958,-90.2795,30.0093,-90.1234

142
30.7557,-85.8299
30.7037,-85.9589
248
30.7037,-85.9589,30.7557,-85.8299

143
30.7037,-85.9581
30.7556,-85.8298
68
30.7037,-85.9581,30.7556,-85.8298

144
30.7557,-85.6186
30.7606,-85.7353
272
30.7557,-85.7353,30.7636,-85.6186

145
30.7554,-85.6187
30.7597,-85.7353
272
30.7554,-85.7353,30.7631,-85.6187

146
31.0627,-104.1811
31.0834,-104.0692
79
31.0604,-104.1811,31.0845,-104.0692

147
31.0840,-104.0701
31.0630,-104.1806
259
31.0608,-104.1806,31.0848,-104.0701

148
30.1204,-90.6498
30.1436,-90.7596
281
30.1204,-90.7596,30.1436,-90.6498

149
30.1437,-90.7590
30.1207,-90.6498
101
30.1207,-90.7590,30.1437,-90.6498

150
30.7557,-85.8299
30.7606,-85.7353
87
30.7557,-85.8299,30.7613,-85.7353

151
30.1833,-99.3014
30.1349,-99.2293
123
30.1349,-99.3014,30.1833,-99.2293

152
30.7556,-85.8298
30.7597,-85.7353
87
30.7556,-85.8298,30.7606,-85.7353

153
30.1349,-99.2298
30.1830,-99.3014
303
30.1349,-99.3014,30.1830,-99.2298

154
29.6494,-97.6330
29.6536,-97.5565
86
29.6485,-97.6330,29.6544,-97.5565

155
29.6491,-97.6330
29.6534,-97.5569
86
29.6482,-97.6330,29.6542,-97.5569

156
34.0527,-118.2254
34.0626,-118.1623
81
34.0527,-118.2254,34.0626,-118.1623

157
34.0626,-118.1623
34.0719,-118.1038
81
34.0626,-118.1623,34.0719,-118.1038

158
34.0720,-118.1038
34.0629,-118.1621
261
34.0629,-118.1621,34.0720,-118.1038

159
29.4358,-98.5040
29.3992,-98.5116
191
29.3992,-98.5119,29.4358,-98.5008

160
34.0548,-118.2378
34.0558,-118.1926
88
34.0529,-118.2378,34.0568,-118.1926

161
34.0558,-118.1926
34.0541,-118.2362
267
34.0529,-118.2362,34.0567,-118.1926

162
29.7773,-95.8550
29.7806,-95.8125
85
29.7771,-95.8550,29.7806,-95.8125

163
29.7807,-95.8126
29.7774,-95.8546
265
29.7773,-95.8546,29.7807,-95.8126

164
29.4362,-98.5037
29.4601,-98.5158
333
29.4362,-98.5158,29.4601,-98.5037

165
29.4601,-98.5158
29.4362,-98.5037
153
29.4362,-98.5158,29.4601,-98.5037

166
29.4590,-98.5160
29.4358,-98.5040
152
29.4358,-98.5160,29.4590,-98.5040

167
29.4358,-98.5040
29.4590,-98.5160
332
29.4358,-98.5160,29.4590,-98.5040

168
29.6450,-97.6978
29.6519,-97.6673
77
29.6450,-97.6978,29.6520,-97.6673

169
34.0558,-118.1926
34.0626,-118.1693
73
34.0557,-118.1926,34.0626,-118.1693

170
29.7769,-95.3851
29.7707,-95.3662
108
29.7707,-95.3851,29.7791,-95.3661

171
30.2816,-82.0496
30.2838,-82.0372
80
30.2816,-82.0496,30.2838,-82.0372

172
30.2814,-82.0496
30.2835,-82.0375
80
30.2814,-82.0496,30.2835,-82.0375

173
34.0551,-118.2143
34.0525,-118.2259
257
34.0524,-118.2259,34.0552,-118.2143

174
29.4270,-98.5009
29.4362,-98.5037
342
29.4270,-98.5037,29.4362,-98.5002

175
33.3053,-111.9721
33.2988,-111.9719
178
33.2988,-111.9722,33.3053,-111.9719

176
34.0629,-118.1621
34.0626,-118.1693
267
34.0626,-118.1693,34.0629,-118.1621

177
34.0626,-118.1693
34.0626,-118.1623
90
34.0625,-118.1693,34.0626,-118.1623

178
29.7707,-95.3662
29.7656,-95.3675
194
29.7656,-95.3675,29.7707,-95.3662

179
29.7794,-95.4516
29.7792,-95.4502
96
29.7792,-95.4516,29.7794,-95.4502

180
29.7849,-95.6399
29.7847,-95.6413
259
29.7847,-95.6413,29.7849,-95.6399

181
29.7849,-95.6399
29.7851,-95.6412
275
29.7849,-95.6412,29.7851,-95.6399

182
29.6491,-97.6330
29.6492,-97.6337
273
29.6491,-97.6337,29.6492,-97.6330

183
29.6494,-97.6330
29.6494,-97.6335
272
29.6494,-97.6335,29.6494,-97.6330

184
34.0629,-118.1621
34.0626,-118.1623
222
34.0626,-118.1623,34.0629,-118.1621

185
34.0551,-118.2143
34.0551,-118.2140
90
34.0551,-118.2143,34.0551,-118.2140