110r
34.0125,-118.4905
34.0551,-118.214
81

53
34.0551,-118.214
34.0818,-117.71
86

33
34.082,-117.7099
34.0039,-117.0649
96

0
34.0039,-117.0652
33.6046,-114.5308
98

8r
33.6046,-114.5308
33.566,-113.335
91

4r
33.5665,-113.3351
33.2047,-111.9087
104

12
33.2047,-111.9087
32.5016,-111.2664
137

14
32.5016,-111.2669
31.9632,-110.4513
123

6
31.9632,-110.4513
32.2273,-109.0484
79

51
32.2275,-109.0484
32.2707,-108.5369
85

106
32.2707,-108.5369
32.2072,-108.2298
101

18
32.2072,-108.2298
32.243,-107.2984
87

24
32.243,-107.2984
32.0007,-106.5826
108

16
32.0007,-106.5829
31.4083,-105.9723
134

10
31.4083,-105.9723
31.0422,-104.9089
108

27
31.0424,-104.9089
31.063,-104.1806
88

146
31.0627,-104.1811
31.0834,-104.0692
79

31r
31.084,-104.0701
30.9524,-103.4086
101

2r
30.952,-103.4089
30.7176,-101.8095
98

22
30.7176,-101.8095
30.6637,-100.9607
93

20
30.664,-100.9607
30.4688,-100.1166
103

35
30.4688,-100.1166
30.2886,-99.5222
106

117
30.2886,-99.5228
30.183,-99.3014
115

151
30.1833,-99.3014
30.1349,-99.2293
123

90r
30.1349,-99.2298
29.9868,-98.9206
115

78
29.9871,-98.9206
29.7388,-98.6873
136

76r
29.7387,-98.6875
29.459,-98.516
148

164r
29.4601,-98.5158
29.4362,-98.5037
153

101
29.4258,-98.5011
29.5012,-98.1863
76

39
29.5012,-98.1863
29.6494,-97.6335
74

154
29.6494,-97.633
29.6536,-97.5565
86

88r
29.6534,-97.5569
29.692,-97.1948
83

84r
29.6923,-97.1952
29.6888,-96.8193
90

49
29.6886,-96.8196
29.7483,-96.2966
83

115
29.7485,-96.2967
29.7712,-96.0361
85

134
29.7712,-96.0361
29.7774,-95.8546
88

162
29.7773,-95.855
29.7806,-95.8125
85

136r
29.7807,-95.8126
29.7851,-95.6412
88

26r
29.7851,-95.6412
29.8212,-94.9098
87

41r
29.821,-94.9099
29.8581,-94.3575
86

74
29.8581,-94.3575
30.0946,-94.0911
48

79r
30.0946,-94.0911
30.1273,-93.7014
85

29
30.1275,-93.7014
30.2507,-92.9969
80

86
30.2502,-92.9969
30.2402,-92.6225
91

62r
30.2404,-92.6225
30.2477,-92.1762
89

125
30.2475,-92.1762
30.281,-91.9499
81

102r
30.281,-91.9499
30.3635,-91.6446
74

119
30.3635,-91.6446
30.4263,-91.408
75

129r
30.4268,-91.4083
30.4395,-91.1959
86

127
30.4395,-91.1959
30.3302,-91.0138
120

96
30.3302,-91.0138
30.1437,-90.759
126

148r
30.1436,-90.7596
30.1204,-90.6498
101

121r
30.1207,-90.6498
30.0796,-90.4101
99

138r
30.0794,-90.4102
30.0064,-90.2795
119

140
30.0068,-90.2795
29.9962,-90.1233
93

82
29.9958,-90.1234
30.1814,-89.8247
58

123
30.1816,-89.8251
30.3034,-89.6416
56

108r
30.3034,-89.6416
30.3839,-89.3409
75

58
30.3835,-89.3409
30.4538,-88.8834
81

54r
30.4538,-88.8834
30.4742,-88.4005
87

56
30.4745,-88.4005
30.687,-88.007
61

37
30.6866,-88.0073
30.5736,-87.4124
100

112
30.5736,-87.4124
30.5195,-87.1431
101

70
30.5197,-87.1433
30.6851,-86.7924
64

72
30.6851,-86.7924
30.7297,-86.3916
83

64r
30.7287,-86.3916
30.7037,-85.9581
93

142r
30.7037,-85.9589
30.7557,-85.8299
68

150
30.7557,-85.8299
30.7606,-85.7353
87

144r
30.7606,-85.7353
30.7557,-85.6186
92

132r
30.7554,-85.6187
30.7465,-85.4326
92

43r
30.7465,-85.4326
30.6334,-84.9043
102

47
30.6334,-84.9043
30.485,-84.3974
106

94
30.4853,-84.3975
30.484,-84.0412
90

104
30.4837,-84.0412
30.4453,-83.7244
96

45r
30.4455,-83.7244
30.3581,-83.1936
99

66r
30.3578,-83.1936
30.2741,-82.7947
101

99
30.2741,-82.7947
30.2567,-82.4575
92

68
30.2567,-82.4575
30.2814,-82.0496
86

91
30.2835,-82.0375
30.3252,-81.6798
83
