0
47.4243,-121.4110
46.9437,-119.9661
108
46.9363,-121.4113,47.4243,-119.9661

1
47.4245,-121.4109
46.9438,-119.9661
108
46.9375,-121.4111,47.4245,-119.9661

2
46.9945,-114.4513
47.4545,-115.6948
290
46.9945,-115.6948,47.4545,-114.4513

3
46.9947,-114.4513
47.4545,-115.6945
290
46.9947,-115.6945,47.4545,-114.4513

4
44.1409,-103.2958
43.8941,-102.0196
100
43.8941,-103.2958,44.1409,-102.0196

5
44.1409,-103.2954
43.8946,-102.0196
100
43.8946,-103.2954,44.1409,-102.0196

6
45.7825,-108.0696
45.0009,-107.2980
135
45.0009,-108.0696,45.7832,-107.2980

7
45.7821,-108.0696
45.0009,-107.2986
135
45.0009,-108.0696,45.7827,-107.2986

8
44.2858,-105.0839
44.5426,-104.0559
75
44.2651,-105.0839,44.5444,-104.0559

9
44.2855,-105.0839
44.5424,-104.0559
75
44.2649,-105.0839,44.5441,-104.0559

10
43.8033,-99.3558
43.9112,-100.3667
276
43.8004,-100.3667,43.9126,-99.3558

11
43.9109,-100.3667
43.8032,-99.3559
96
43.8001,-100.3667,43.9123,-99.3559

12
46.9438,-119.9661
47.0844,-118.9812
81
46.9438,-119.9752,47.1042,-118.9812

13
46.9437,-119.9661
47.0842,-118.9812
81
46.9437,-119.9740,47.1040,-118.9812

14
46.9945,-114.4513
46.7206,-113.5515
106
46.7206,-114.4513,47.0345,-113.5515

15
46.9947,-114.4513
46.7209,-113.5515
106
46.7209,-114.4513,47.0347,-113.5515

16
43.8946,-102.0196
43.9012,-101.0643
89
43.8358,-102.0196,43.9012,-101.0643

17
43.8941,-102.0196
43.9009,-101.0643
89
43.8355,-102.0196,43.9009,-101.0643

18
47.5903,-122.3296
47.4243,-121.4110
100
47.3928,-122.3296,47.5949,-121.4110

19
44.2166,-106.0166
44.2858,-105.0839
85
44.1770,-106.0166,44.2975,-105.0839

20
44.2855,-105.0839
44.2164,-106.0166
265
44.1768,-106.0166,44.2973,-105.0839

21
47.2602,-118.0773
47.0842,-118.9812
258
47.0841,-118.9812,47.2602,-118.0773

22
47.0844,-118.9812
47.2602,-118.0782
78
47.0844,-118.9812,47.2602,-118.0782

23
47.4245,-121.4109
47.5949,-122.3141
280
47.3953,-122.3141,47.5949,-121.4109

24
44.2164,-106.0166
44.5579,-106.8145
293
44.1945,-106.8145,44.5579,-106.0166

25
44.2166,-106.0166
44.5579,-106.8140
293
44.1948,-106.8140,44.5579,-106.0166

26
47.4094,-117.8230
47.6966,-117.0417
69
47.4094,-117.8230,47.6966,-117.0417

27
47.6969,-117.0417
47.4104,-117.8230
249
47.4104,-117.8230,47.6969,-117.0417

28
41.9375,-80.5193
42.2527,-79.7620
67
41.9375,-80.5193,42.2527,-79.7620

29
42.2521,-79.7619
41.9372,-80.5193
247
41.9372,-80.5193,42.2521,-79.7619

30
42.5633,-79.0938
42.9861,-78.4638
56
42.5633,-79.0938,42.9861,-78.4638

31
42.5631,-79.0937
42.9857,-78.4638
56
42.5631,-79.0937,42.9857,-78.4638

32
45.6630,-110.7956
45.9100,-111.5475
288
45.6394,-111.5475,45.9100,-110.7956

33
45.6634,-110.7956
45.9101,-111.5471
288
45.6395,-111.5471,45.9101,-110.7956

34
45.6469,-108.8637
45.7825,-108.0696
80
45.6469,-108.8637,45.8275,-108.0696

35
45.6467,-108.8637
45.7821,-108.0696
80
45.6467,-108.8637,45.8264,-108.0696

36
43.8577,-91.3000
43.9520,-92.0787
276
43.8574,-92.0787,43.9566,-91.3000

37
43.8578,-91.3001
43.9522,-92.0787
276
43.8575,-92.0787,43.9568,-91.3001

38
42.5631,-79.0937
42.2521,-79.7619
245
42.2521,-79.7619,42.5631,-79.0937

39
42.2527,-79.7620
42.5633,-79.0938
65
42.2527,-79.7620,42.5633,-79.0938

40
42.2369,-73.0083
42.1779,-72.2473
94
42.1389,-73.0083,42.2382,-72.2473

41
42.2370,-73.0083
42.1780,-72.2476
94
42.1390,-73.0083,42.2383,-72.2476

42
45.9214,-112.4166
45.9198,-111.6603
90
45.8696,-112.4166,45.9214,-111.6603

43
45.9215,-112.4166
45.9201,-111.6603
90
45.8698,-112.4166,45.9215,-111.6603

44
45.0009,-107.2986
44.5579,-106.8145
132
44.5579,-107.2986,45.0009,-106.8145

45
44.5579,-106.8140
45.0009,-107.2980
312
44.5579,-107.2980,45.0009,-106.8140

46
47.5471,-116.3294
47.6969,-117.0417
281
47.5462,-117.0417,47.7143,-116.3294

47
47.5469,-116.3294
47.6966,-117.0417
281
47.5461,-117.0417,47.7140,-116.3294

48
45.6469,-108.8637
45.7050,-109.5620
274
45.5951,-109.5620,45.7082,-108.8637

49
45.7048,-109.5620
45.6467,-108.8637
94
45.5948,-109.5620,45.7080,-108.8637

50
43.9009,-101.0643
43.9109,-100.3667
89
43.8829,-101.0643,43.9109,-100.3667

51
43.9112,-100.3667
43.9012,-101.0643
269
43.8832,-101.0643,43.9112,-100.3667

52
41.8455,-87.6354
42.0664,-88.2636
289
41.8455,-88.2636,42.0665,-87.6354

53
42.8476,-89.0323
43.2942,-89.4179
319
42.8476,-89.4179,43.2942,-89.0323

54
42.8476,-89.0319
43.2942,-89.4176
319
42.8476,-89.4176,43.2942,-89.0319

55
43.6091,-96.4535
43.6668,-97.1292
274
43.6058,-97.1292,43.6668,-96.4535

56
43.6665,-97.1292
43.6089,-96.4535
94
43.6055,-97.1292,43.6665,-96.4535

57
42.8938,-74.0909
42.9951,-74.7406
278
42.8934,-74.7406,42.9951,-74.0909

58
42.9949,-74.7407
42.8936,-74.0912
98
42.8932,-74.7407,42.9949,-74.0912

59
45.7048,-109.5620
45.7358,-110.2202
272
45.7048,-110.2202,45.8327,-109.5620

60
45.7050,-109.5620
45.7361,-110.2202
272
45.7050,-110.2202,45.8331,-109.5620

61
47.4545,-115.6945
47.5471,-116.3294
278
47.4545,-116.3294,47.5523,-115.6938

62
47.4545,-115.6948
47.5469,-116.3294
278
47.4545,-116.3294,47.5521,-115.6940

63
43.6410,-89.8113
43.9432,-90.3123
301
43.6410,-90.3123,43.9432,-89.8113

64
43.6410,-89.8117
43.9418,-90.3123
301
43.6410,-90.3123,43.9418,-89.8117

65
43.6660,-94.2478
43.6529,-94.8546
268
43.6527,-94.8546,43.6810,-94.2478

66
43.6662,-94.2478
43.6532,-94.8546
268
43.6530,-94.8546,43.6813,-94.2478

67
43.9432,-90.3123
43.9020,-90.9101
266
43.9020,-90.9101,43.9868,-90.3123

68
43.9418,-90.3123
43.9015,-90.9101
266
43.9015,-90.9101,43.9832,-90.3123

69
43.6381,-95.4540
43.6532,-94.8546
88
43.6364,-95.4540,43.6532,-94.8546

70
43.6379,-95.4540
43.6529,-94.8546
88
43.6362,-95.4540,43.6529,-94.8546

71
43.6660,-94.2478
43.6656,-93.6484
90
43.6489,-94.2478,43.6662,-93.6484

72
43.6662,-94.2478
43.6659,-93.6484
90
43.6492,-94.2478,43.6665,-93.6484

73
43.6375,-96.0534
43.6379,-95.4540
89
43.6372,-96.0534,43.6439,-95.4540

74
43.6377,-96.0534
43.6381,-95.4540
89
43.6374,-96.0534,43.6441,-95.4540

75
43.6598,-93.0494
43.6659,-93.6484
270
43.6589,-93.6484,43.6918,-93.0494

76
43.6656,-93.6484
43.6596,-93.0494
90
43.6587,-93.6484,43.6915,-93.0494

77
45.7358,-110.2202
45.6630,-110.7956
262
45.6443,-110.7956,45.7358,-110.2202

78
45.6634,-110.7956
45.7361,-110.2202
82
45.6445,-110.7956,45.7361,-110.2202

79
43.8032,-99.3559
43.7377,-98.7951
96
43.7372,-99.3559,43.8032,-98.7951

80
43.7380,-98.7951
43.8033,-99.3558
276
43.7375,-99.3558,43.8033,-98.7951

81
42.9857,-78.4638
43.0300,-77.9048
85
42.9857,-78.4638,43.0301,-77.9048

82
42.9861,-78.4638
43.0302,-77.9048
85
42.9861,-78.4638,43.0304,-77.9048

83
42.1406,-72.1350
42.2436,-71.5927
79
42.1296,-72.1350,42.2436,-71.5927

84
42.2432,-71.5929
42.1404,-72.1350
259
42.1295,-72.1350,42.2432,-71.5929

85
43.8341,-92.5527
43.6596,-93.0494
250
43.6596,-93.0494,43.8341,-92.5527

86
43.6598,-93.0494
43.8341,-92.5531
70
43.6598,-93.0494,43.8341,-92.5531

87
42.0665,-88.2636
41.9630,-87.7458
101
41.9630,-88.2636,42.0667,-87.7458

88
41.9372,-80.5193
41.7636,-81.0028
250
41.7636,-81.0028,41.9372,-80.5193

89
41.9375,-80.5193
41.7639,-81.0028
250
41.7639,-81.0028,41.9375,-80.5193

90
46.7209,-113.5515
46.6133,-113.0387
101
46.6133,-113.5515,46.7209,-113.0387

91
46.7206,-113.5515
46.6131,-113.0387
101
46.6131,-113.5515,46.7206,-113.0387

92
41.7636,-81.0028
41.5968,-81.4881
251
41.5896,-81.4881,41.7636,-81.0028

93
41.5979,-81.4881
41.7639,-81.0028
71
41.5898,-81.4881,41.7639,-81.0028

94
43.0168,-77.4850
42.9557,-76.9637
96
42.9549,-77.4850,43.0168,-76.9637

95
46.2664,-112.7501
46.6133,-113.0387
320
46.2664,-113.0387,46.6133,-112.7172

96
46.2664,-112.7505
46.6131,-113.0387
320
46.2664,-113.0387,46.6131,-112.7176

97
43.0936,-75.9759
43.0750,-76.4972
267
43.0750,-76.4972,43.1182,-75.9759

98
43.0933,-75.9759
43.0747,-76.4972
267
43.0747,-76.4972,43.1180,-75.9759

99
41.4688,-81.9695
41.5979,-81.4881
74
41.4659,-81.9695,41.6057,-81.4881

100
44.4273,-103.5689
44.5424,-104.0559
283
44.4273,-104.0559,44.5474,-103.5689

101
44.5426,-104.0559
44.4276,-103.5689
103
44.4276,-104.0559,44.5477,-103.5689

102
41.5968,-81.4881
41.4686,-81.9695
255
41.4656,-81.9695,41.6045,-81.4881

103
41.3433,-82.3447
41.3502,-82.8440
270
41.3228,-82.8440,41.3502,-82.3447

104
41.3435,-82.3447
41.3504,-82.8440
270
41.3230,-82.8440,41.3504,-82.3447

105
41.6019,-84.3812
41.6000,-83.8825
90
41.5876,-84.3812,41.6019,-83.8825

106
41.5998,-83.8825
41.6017,-84.3812
270
41.5873,-84.3812,41.6017,-83.8825

107
43.8341,-92.5531
43.9522,-92.0787
76
43.8341,-92.5531,43.9559,-92.0787

108
43.9520,-92.0787
43.8341,-92.5527
256
43.8341,-92.5527,43.9556,-92.0787

109
43.1140,-75.6530
43.1053,-75.1699
91
43.1053,-75.6530,43.1372,-75.1699

110
43.1052,-75.1700
43.1138,-75.6528
271
43.1052,-75.6528,43.1370,-75.1700

111
43.6652,-97.6067
43.6665,-97.1292
89
43.6641,-97.6067,43.6666,-97.1292

112
43.6668,-97.1292
43.6655,-97.6066
269
43.6644,-97.6066,43.6668,-97.1292

113
43.7380,-98.7951
43.6961,-98.3259
95
43.6950,-98.7951,43.7380,-98.3259

114
43.7377,-98.7951
43.6958,-98.3259
95
43.6947,-98.7951,43.7377,-98.3259

115
41.7504,-85.6597
41.7564,-85.1966
89
41.7399,-85.6597,41.7569,-85.1966

116
41.7502,-85.6597
41.7561,-85.1966
89
41.7396,-85.6597,41.7567,-85.1966

117
41.7419,-86.5245
41.7311,-86.0622
91
41.7158,-86.5245,41.7558,-86.0622

118
41.7313,-86.0622
41.7422,-86.5245
271
41.7160,-86.5245,41.7560,-86.0622

119
41.4579,-83.2836
41.3502,-82.8440
103
41.3502,-83.2836,41.4579,-82.8440

120
41.3504,-82.8440
41.4579,-83.2832
283
41.3504,-83.2832,41.4579,-82.8440

121
44.1409,-103.2954
44.4276,-103.5689
316
44.1409,-103.5689,44.4276,-103.2954

122
44.1409,-103.2958
44.4273,-103.5689
316
44.1409,-103.5689,44.4273,-103.2958

123
41.7422,-86.5245
41.5855,-86.9315
248
41.5855,-86.9315,41.7422,-86.5245

124
41.5854,-86.9315
41.7419,-86.5245
68
41.5854,-86.9315,41.7419,-86.5245

125
43.1052,-75.1700
42.9949,-74.7407
104
42.9949,-75.1700,43.1052,-74.7407

126
43.1053,-75.1699
42.9951,-74.7406
104
42.9951,-75.1699,43.1053,-74.7406

127
42.4960,-88.9930
42.8476,-89.0323
353
42.4960,-89.0323,42.8476,-88.9750

128
42.8476,-89.0319
42.4960,-88.9927
173
42.4960,-89.0319,42.8476,-88.9747

129
42.3480,-73.4122
42.2369,-73.0083
105
42.2328,-73.4122,42.3480,-73.0083

130
42.2370,-73.0083
42.3482,-73.4122
285
42.2330,-73.4122,42.3482,-73.0083

131
41.6284,-84.8057
41.6017,-84.3812
93
41.6017,-84.8057,41.6307,-84.3812

132
41.6019,-84.3812
41.6287,-84.8057
273
41.6019,-84.8057,41.6309,-84.3812

133
41.6287,-84.8057
41.7564,-85.1966
288
41.6282,-85.1966,41.7564,-84.8057

134
41.6284,-84.8057
41.7561,-85.1966
288
41.6279,-85.1966,41.7561,-84.8057

135
43.0300,-77.9048
43.0165,-77.4850
91
43.0165,-77.9048,43.0482,-77.4850

136
43.0302,-77.9048
43.0168,-77.4850
91
43.0168,-77.9048,43.0485,-77.4850

137
41.3435,-82.3447
41.4688,-81.9695
71
41.3435,-82.3447,41.4689,-81.9695

138
41.3433,-82.3447
41.4686,-81.9695
71
41.3433,-82.3447,41.4686,-81.9695

139
45.9215,-112.4166
46.0678,-112.7775
292
45.9194,-112.7775,46.0678,-112.4166

140
46.0674,-112.7775
45.9214,-112.4166
112
45.9193,-112.7775,46.0674,-112.4166

141
41.7311,-86.0622
41.7502,-85.6597
87
41.7287,-86.0622,41.7502,-85.6597

142
41.7313,-86.0622
41.7504,-85.6597
87
41.7289,-86.0622,41.7504,-85.6597

143
43.6091,-96.4535
43.6377,-96.0534
85
43.6086,-96.4535,43.6396,-96.0534

144
43.6375,-96.0534
43.6089,-96.4535
265
43.6084,-96.4535,43.6394,-96.0534

145
43.8578,-91.3001
43.9020,-90.9101
83
43.8578,-91.3001,43.9020,-90.9101

146
43.8577,-91.3000
43.9015,-90.9101
83
43.8577,-91.3000,43.9015,-90.9101

147
43.0165,-77.4850
42.9736,-77.1213
96
42.9728,-77.4850,43.0165,-77.1213

148
43.6655,-97.6066
43.6936,-97.9669
274
43.6645,-97.9669,43.6951,-97.6066

149
43.6933,-97.9669
43.6652,-97.6067
94
43.6642,-97.9669,43.6948,-97.6067

150
43.2942,-89.4176
43.5385,-89.5996
323
43.2942,-89.5996,43.5385,-89.4176

151
43.6958,-98.3259
43.6933,-97.9669
90
43.6914,-98.3259,43.6959,-97.9669

152
43.6961,-98.3259
43.6936,-97.9669
90
43.6917,-98.3259,43.6961,-97.9669

153
43.5381,-89.5996
43.2942,-89.4179
143
43.2942,-89.5996,43.5381,-89.4179

154
42.2850,-71.4996
42.3576,-71.1699
77
42.2850,-71.4996,42.3579,-71.1699

155
42.2848,-71.4997
42.3575,-71.1701
77
42.2848,-71.4997,42.3577,-71.1701

156
41.7029,-87.5245
41.5893,-87.2219
110
41.5849,-87.5245,41.7029,-87.2219

157
41.5896,-87.2219
41.7031,-87.5245
290
41.5851,-87.5245,41.7031,-87.2219

158
43.0933,-75.9759
43.1138,-75.6528
86
43.0899,-75.9759,43.1138,-75.6528

159
43.0936,-75.9759
43.1140,-75.6530
86
43.0902,-75.9759,43.1140,-75.6530

160
42.4960,-88.9930
42.2471,-88.9409
168
42.2470,-88.9952,42.4960,-88.9409

161
42.4960,-88.9927
42.2473,-88.9409
168
42.2472,-88.9950,42.4960,-88.9409

162
47.4104,-117.8230
47.2602,-118.0782
239
47.2602,-118.0782,47.4104,-117.8230

163
47.4094,-117.8230
47.2602,-118.0773
239
47.2602,-118.0773,47.4094,-117.8230

164
42.1537,-88.5455
42.0664,-88.2636
107
42.0664,-88.5455,42.1537,-88.2636

165
42.0665,-88.2636
42.1536,-88.5449
287
42.0665,-88.5449,42.1536,-88.2636

166
41.5896,-87.2219
41.5855,-86.9315
90
41.5706,-87.2219,41.5896,-86.9315

167
41.5893,-87.2219
41.5854,-86.9315
90
41.5703,-87.2219,41.5893,-86.9315

168
41.6000,-83.8825
41.5803,-83.6064
94
41.5803,-83.8825,41.6027,-83.6064

169
41.5998,-83.8825
41.5801,-83.6066
94
41.5801,-83.8825,41.6025,-83.6066

170
42.3480,-73.4122
42.4803,-73.6254
301
42.3480,-73.6254,42.4803,-73.4122

171
42.4804,-73.6242
42.3482,-73.4122
121
42.3482,-73.6242,42.4804,-73.4122

172
46.0674,-112.7775
46.2664,-112.7505
7
46.0674,-112.8000,46.2664,-112.7505

173
46.2664,-112.7501
46.0678,-112.7775
187
46.0678,-112.7996,46.2664,-112.7501

174
42.9557,-76.9637
43.0003,-76.7209
79
42.9557,-76.9637,43.0003,-76.7209

175
43.0001,-76.7209
42.9554,-76.9637
259
42.9554,-76.9637,43.0001,-76.7209

176
43.6410,-89.8117
43.5381,-89.5996
115
43.5381,-89.8142,43.6410,-89.5996

177
43.5385,-89.5996
43.6410,-89.8113
295
43.5385,-89.8136,43.6410,-89.5996

178
42.6649,-73.7292
42.7594,-73.9448
293
42.6649,-73.9448,42.7594,-73.7292

179
42.6651,-73.7291
42.7595,-73.9445
293
42.6651,-73.9445,42.7595,-73.7291

180
43.0001,-76.7209
43.0747,-76.4972
71
43.0001,-76.7209,43.0747,-76.4972

181
43.0003,-76.7209
43.0750,-76.4972
71
43.0003,-76.7209,43.0750,-76.4972

182
42.2471,-88.9409
42.2065,-88.7055
99
42.2065,-88.9409,42.2472,-88.7055

183
42.2473,-88.9409
42.2068,-88.7056
99
42.2068,-88.9409,42.2474,-88.7056

184
42.6651,-73.7291
42.4825,-73.6701
162
42.4825,-73.7291,42.6651,-73.6701

185
42.6649,-73.7292
42.4825,-73.6702
162
42.4825,-73.7292,42.6649,-73.6702

186
42.7595,-73.9445
42.8938,-74.0909
312
42.7595,-74.0909,42.8938,-73.9445

187
42.8936,-74.0912
42.7594,-73.9448
132
42.7594,-74.0912,42.8936,-73.9448

188
41.5801,-83.6066
41.5101,-83.4146
110
41.5101,-83.6066,41.5801,-83.4146

189
41.5803,-83.6064
41.5103,-83.4146
110
41.5103,-83.6064,41.5803,-83.4146

190
42.1536,-88.5449
42.2068,-88.7056
288
42.1536,-88.7056,42.2068,-88.5449

191
42.2065,-88.7055
42.1537,-88.5455
108
42.1537,-88.7055,42.2065,-88.5455

192
42.9554,-76.9637
42.9736,-77.1213
276
42.9547,-77.1213,42.9741,-76.9637

193
41.7753,-87.6276
41.7029,-87.5245
125
41.7029,-87.6276,41.7753,-87.5245

194
41.7031,-87.5245
41.7750,-87.6226
306
41.7031,-87.6226,41.7750,-87.5245

195
41.9630,-87.7458
41.8924,-87.6527
127
41.8924,-87.7458,41.9630,-87.6527

196
41.9630,-87.7458
41.8924,-87.6527
127
41.8924,-87.7458,41.9630,-87.6527

197
47.5949,-122.3141
47.5799,-122.1962
97
47.5779,-122.3141,47.5949,-122.1962

198
45.9201,-111.6603
45.9101,-111.5471
95
45.9101,-111.6603,45.9205,-111.5471

199
45.9100,-111.5475
45.9198,-111.6603
275
45.9100,-111.6603,45.9202,-111.5475

200
41.8458,-87.6361
41.7750,-87.6226
169
41.7750,-87.6361,41.8458,-87.6226

201
41.8458,-87.6361
41.7750,-87.6226
169
41.7750,-87.6361,41.8458,-87.6226

202
42.3489,-71.1068
42.3793,-71.0253
69
42.3462,-71.1068,42.3793,-71.0246

203
41.8455,-87.6354
41.7753,-87.6276
173
41.7753,-87.6354,41.8455,-87.6276

204
41.8455,-87.6354
41.7753,-87.6276
173
41.7753,-87.6354,41.8455,-87.6276

205
42.3491,-71.1068
42.3769,-71.0280
70
42.3465,-71.1068,42.3769,-71.0248

206
42.1780,-72.2476
42.1577,-72.1676
104
42.1577,-72.2476,42.1825,-72.1676

207
42.1577,-72.1678
42.1779,-72.2473
284
42.1577,-72.2473,42.1824,-72.1678

208
42.2850,-71.4996
42.2674,-71.5629
254
42.2674,-71.5629,42.2850,-71.4996

209
42.2677,-71.5619
42.2848,-71.4997
74
42.2677,-71.5619,42.2848,-71.4997

210
41.8924,-87.6527
41.8458,-87.6361
160
41.8458,-87.6527,41.8924,-87.6361

211
41.5005,-83.3912
41.4765,-83.3385
114
41.4765,-83.3912,41.5005,-83.3385

212
41.5005,-83.3907
41.4767,-83.3385
114
41.4767,-83.3907,41.5005,-83.3385

213
41.4579,-83.2832
41.4767,-83.3385
288
41.4579,-83.3385,41.4767,-83.2832

214
42.3504,-71.1104
42.3576,-71.1699
276
42.3504,-71.1699,42.3584,-71.1104

215
42.3575,-71.1701
42.3504,-71.1108
96
42.3504,-71.1701,42.3583,-71.1108

216
41.4765,-83.3385
41.4579,-83.2836
108
41.4579,-83.3385,41.4765,-83.2836

217
42.4825,-73.6701
42.4804,-73.6242
92
42.4804,-73.6701,42.4841,-73.6242

218
42.4803,-73.6254
42.4817,-73.6700
271
42.4803,-73.6700,42.4834,-73.6254

219
42.2432,-71.5929
42.2677,-71.5619
51
42.2432,-71.5929,42.2677,-71.5619

220
42.2673,-71.5634
42.2436,-71.5927
231
42.2436,-71.5927,42.2673,-71.5634

221
42.1404,-72.1350
42.1577,-72.1678
297
42.1404,-72.1678,42.1577,-72.1350

222
42.1577,-72.1676
42.1406,-72.1350
117
42.1406,-72.1676,42.1577,-72.1350

223
46.0037,-112.5458
46.0045,-112.5738
271
46.0013,-112.5738,46.0045,-112.5458

224
46.0052,-112.5737
46.0038,-112.5458
92
46.0028,-112.5737,46.0052,-112.5458

225
41.5103,-83.4146
41.5005,-83.3907
112
41.5005,-83.4146,41.5103,-83.3907

226
41.5101,-83.4146
41.5005,-83.3912
112
41.5005,-83.4146,41.5101,-83.3912

227
47.5942,-122.3290
47.5949,-122.3141
87
47.5922,-122.3297,47.5950,-122.3141

228
47.5926,-122.3254
47.5949,-122.3141
78
47.5926,-122.3254,47.5954,-122.3141

229
42.3504,-71.1108
42.3489,-71.1068
111
42.3489,-71.1108,42.3504,-71.1068

230
42.3491,-71.1068
42.3504,-71.1104
290
42.3491,-71.1104,42.3504,-71.1068

231
42.4817,-73.6700
42.4825,-73.6702
351
42.4817,-73.6702,42.4825,-73.6700

232
42.4817,-73.6700
42.4825,-73.6701
358
42.4817,-73.6701,42.4825,-73.6700

233
42.2673,-71.5634
42.2674,-71.5629
71
42.2673,-71.5634,42.2674,-71.5629

234
41.8924,-87.6527
41.8924,-87.6525
92
41.8924,-87.6527,41.8924,-87.6525

235
42.4825,-73.6702
42.4825,-73.6701
88
42.4825,-73.6702,42.4825,-73.6701

236
42.9736,-77.1213
42.9736,-77.1213
357
42.9736,-77.1213,42.9736,-77.1213

237
47.5926,-122.3260
47.5926,-122.3260
0
47.5925,-122.3281,47.5958,-122.3254