18
47.5903,-122.3296
47.4243,-121.411
100

0
47.4243,-121.411
46.9437,-119.9661
108

12
46.9438,-119.9661
47.0844,-118.9812
81

21r
47.0842,-118.9812
47.2602,-118.0773
78

162r
47.2602,-118.0782
47.4104,-117.823
59

26
47.4094,-117.823
47.6966,-117.0417
69

46r
47.6969,-117.0417
47.5471,-116.3294
101

61r
47.5471,-116.3294
47.4545,-115.6945
98

2r
47.4545,-115.6948
46.9945,-114.4513
110

14
46.9945,-114.4513
46.7206,-113.5515
106

90
46.7209,-113.5515
46.6133,-113.0387
101

95r
46.6133,-113.0387
46.2664,-112.7501
140

172r
46.2664,-112.7505
46.0674,-112.7775
187

139r
46.0678,-112.7775
45.9215,-112.4166
112

42
45.9214,-112.4166
45.9198,-111.6603
90

198
45.9201,-111.6603
45.9101,-111.5471
95

32r
45.91,-111.5475
45.663,-110.7956
108

77r
45.663,-110.7956
45.7358,-110.2202
82

59r
45.7358,-110.2202
45.7048,-109.562
92

48r
45.705,-109.562
45.6469,-108.8637
94

34
45.6469,-108.8637
45.7825,-108.0696
80

6
45.7825,-108.0696
45.0009,-107.298
135

44
45.0009,-107.2986
44.5579,-106.8145
132

24r
44.5579,-106.8145
44.2164,-106.0166
113

19
44.2166,-106.0166
44.2858,-105.0839
85

8
44.2858,-105.0839
44.5426,-104.0559
75

100r
44.5424,-104.0559
44.4273,-103.5689
103

121r
44.4276,-103.5689
44.1409,-103.2954
136

4
44.1409,-103.2958
43.8941,-102.0196
100

16
43.8946,-102.0196
43.9012,-101.0643
89

50
43.9009,-101.0643
43.9109,-100.3667
89

10r
43.9112,-100.3667
43.8033,-99.3558
96

79
43.8032,-99.3559
43.7377,-98.7951
96

113
43.738,-98.7951
43.6961,-98.3259
95

151
43.6958,-98.3259
43.6933,-97.9669
90

148r
43.6936,-97.9669
43.6655,-97.6066
94

111
43.6652,-97.6067
43.6665,-97.1292
89

55r
43.6668,-97.1292
43.6091,-96.4535
94

143
43.6091,-96.4535
43.6377,-96.0534
85

73
43.6375,-96.0534
43.6379,-95.454
89

69
43.6381,-95.454
43.6532,-94.8546
88

65r
43.6529,-94.8546
43.666,-94.2478
88

71
43.666,-94.2478
43.6656,-93.6484
90

75r
43.6659,-93.6484
43.6598,-93.0494
90

85r
43.6596,-93.0494
43.8341,-92.5527
70

107
43.8341,-92.5531
43.9522,-92.0787
76

36r
43.952,-92.0787
43.8577,-91.3
96

145
43.8578,-91.3001
43.902,-90.9101
83

67r
43.902,-90.9101
43.9432,-90.3123
86

63r
43.9432,-90.3123
43.641,-89.8113
121

176
43.641,-89.8117
43.5381,-89.5996
115

150r
43.5385,-89.5996
43.2942,-89.4176
143

53r
43.2942,-89.4179
42.8476,-89.0323
139

127r
42.8476,-89.0323
42.496,-88.993
173

160
42.496,-88.993
42.2471,-88.9409
168

182
42.2471,-88.9409
42.2065,-88.7055
99

190r
42.2068,-88.7056
42.1536,-88.5449
108

164
42.1537,-88.5455
42.0664,-88.2636
107

52r
42.0664,-88.2636
41.8455,-87.6354
109

200
41.8458,-87.6361
41.775,-87.6226
169

193
41.7753,-87.6276
41.7029,-87.5245
125

156
41.7029,-87.5245
41.5893,-87.2219
110

166
41.5896,-87.2219
41.5855,-86.9315
90

123r
41.5855,-86.9315
41.7422,-86.5245
68

117
41.7419,-86.5245
41.7311,-86.0622
91

141
41.7311,-86.0622
41.7502,-85.6597
87

115
41.7504,-85.6597
41.7564,-85.1966
89

133r
41.7564,-85.1966
41.6287,-84.8057
108

131
41.6284,-84.8057
41.6017,-84.3812
93

105
41.6019,-84.3812
41.6,-83.8825
90

168
41.6,-83.8825
41.5803,-83.6064
94

188
41.5801,-83.6066
41.5101,-83.4146
110

225
41.5103,-83.4146
41.5005,-83.3907
112

211
41.5005,-83.3912
41.4765,-83.3385
114

213r
41.4767,-83.3385
41.4579,-83.2832
108

119
41.4579,-83.2836
41.3502,-82.844
103

103r
41.3502,-82.844
41.3433,-82.3447
90

137
41.3435,-82.3447
41.4688,-81.9695
71

99
41.4688,-81.9695
41.5979,-81.4881
74

92r
41.5968,-81.4881
41.7636,-81.0028
71

88r
41.7636,-81.0028
41.9372,-80.5193
70

28
41.9375,-80.5193
42.2527,-79.762
67

38r
42.2521,-79.7619
42.5631,-79.0937
65

30
42.5633,-79.0938
42.9861,-78.4638
56

81
42.9857,-78.4638
43.03,-77.9048
85

135
43.03,-77.9048
43.0165,-77.485
91

94
43.0168,-77.485
42.9557,-76.9637
96

174
42.9557,-76.9637
43.0003,-76.7209
79

180
43.0001,-76.7209
43.0747,-76.4972
71

97r
43.075,-76.4972
43.0936,-75.9759
87

158
43.0933,-75.9759
43.1138,-75.6528
86

109
43.114,-75.653
43.1053,-75.1699
91

125
43.1052,-75.17
42.9949,-74.7407
104

57r
42.9951,-74.7406
42.8938,-74.0909
98

186r
42.8938,-74.0909
42.7595,-73.9445
132

178r
42.7594,-73.9448
42.6649,-73.7292
113

184
42.6651,-73.7291
42.4825,-73.6701
162

217
42.4825,-73.6701
42.4804,-73.6242
92

170r
42.4803,-73.6254
42.348,-73.4122
121

129
42.348,-73.4122
42.2369,-73.0083
105

40
42.2369,-73.0083
42.1779,-72.2473
94

206
42.178,-72.2476
42.1577,-72.1676
104

221r
42.1577,-72.1678
42.1404,-72.135
117

83
42.1406,-72.135
42.2436,-71.5927
79

219
42.2432,-71.5929
42.2677,-71.5619
51

208r
42.2674,-71.5629
42.285,-71.4996
74

154
42.285,-71.4996
42.3576,-71.1699
77

214r
42.3576,-71.1699
42.3504,-71.1104
96

202
42.3489,-71.1068
42.3793,-71.0253
69
