0
34.8858,-117.0138
34.7171,-114.4877
93
34.7143,-117.0138,34.8913,-114.4877

1
34.8861,-117.0138
34.7172,-114.4878
93
34.7159,-117.0138,34.8917,-114.4878

2
35.0424,-110.7507
35.2181,-112.4427
275
35.0424,-112.4427,35.2647,-110.7507

3
35.2184,-112.4427
35.0428,-110.7507
95
35.0428,-112.4427,35.2651,-110.7507

4
34.7172,-114.4878
35.1912,-113.3329
67
34.7172,-114.4878,35.2176,-113.3329

5
34.7171,-114.4877
35.1907,-113.3329
67
34.7171,-114.4877,35.2173,-113.3329

6
34.9914,-105.2909
35.0800,-104.1251
85
34.9434,-105.2909,35.0800,-104.1251

7
34.9912,-105.2909
35.0797,-104.1251
85
34.9432,-105.2909,35.0797,-104.1251

8
35.1828,-103.0425
35.0800,-104.1251
264
35.0800,-104.1251,35.1835,-103.0425

9
35.0797,-104.1251
35.1824,-103.0425
84
35.0797,-104.1251,35.1831,-103.0425

10
35.3053,-107.9903
35.3630,-109.0468
273
35.3053,-109.0468,35.5346,-107.9903

11
35.3053,-107.9906
35.3624,-109.0468
273
35.3053,-109.0468,35.5344,-107.9906

12
34.9927,-107.0841
35.3053,-107.9906
289
34.9778,-107.9906,35.3053,-107.0841

13
35.3053,-107.9903
34.9929,-107.0842
109
34.9780,-107.9903,35.3053,-107.0842

14
35.0239,-109.8447
35.0424,-110.7507
271
34.9049,-110.7507,35.0424,-109.8447

15
35.0428,-110.7507
35.0243,-109.8447
91
34.9052,-110.7507,35.0428,-109.8447

16
35.0243,-109.8447
35.3630,-109.0468
66
35.0243,-109.8447,35.3630,-109.0468

17
35.0239,-109.8447
35.3624,-109.0468
67
35.0239,-109.8447,35.3624,-109.0468

18
35.1912,-113.3329
35.2184,-112.4427
88
35.1898,-113.3329,35.3231,-112.4427

19
35.1907,-113.3329
35.2181,-112.4427
88
35.1889,-113.3329,35.3226,-112.4427

20
34.9929,-107.0842
35.0843,-106.2439
83
34.9929,-107.0842,35.1154,-106.2439

21
34.9927,-107.0841
35.0839,-106.2438
83
34.9927,-107.0841,35.1153,-106.2438

22
34.9912,-105.2909
35.0405,-106.1325
273
34.9912,-106.1325,35.0405,-105.2909

23
34.9914,-105.2909
35.0405,-106.1316
273
34.9914,-106.1316,35.0405,-105.2909

24
35.1831,-103.0068
35.2086,-102.1671
88
35.1831,-103.0068,35.2737,-102.1671

25
35.2085,-102.1671
35.1831,-103.0049
268
35.1831,-103.0049,35.2735,-102.1671

26
34.9178,-91.1522
35.1480,-90.4086
72
34.9178,-91.1522,35.1480,-90.4086

27
34.9181,-91.1523
35.1479,-90.4093
72
34.9181,-91.1523,35.1479,-90.4093

28
35.2271,-100.0002
35.4212,-99.3643
73
35.2264,-100.0002,35.4212,-99.3643

29
35.4203,-99.3643
35.2268,-100.0003
253
35.2261,-100.0003,35.4203,-99.3643

30
35.4885,-95.0925
35.4513,-94.4414
93
35.3927,-95.0925,35.4933,-94.4414

31
35.4885,-95.0925
35.4515,-94.4415
93
35.3929,-95.0925,35.4936,-94.4415

32
35.5229,-98.3065
35.4602,-97.6715
95
35.4601,-98.3065,35.5369,-97.6715

33
35.4604,-97.6715
35.5231,-98.3065
275
35.4603,-98.3065,35.5386,-97.6715

34
35.8767,-84.2408
35.9871,-83.6509
79
35.8767,-84.2408,36.0136,-83.6509

35
35.9865,-83.6509
35.8765,-84.2406
259
35.8765,-84.2406,36.0135,-83.6509

36
36.1033,-85.2385
35.8958,-84.7020
111
35.8829,-85.2385,36.1033,-84.7020

37
35.8960,-84.7018
36.1033,-85.2382
291
35.8832,-85.2382,36.1033,-84.7018

38
36.1402,-85.8020
36.1033,-85.2382
93
36.0900,-85.8020,36.1469,-85.2382

39
36.1033,-85.2385
36.1401,-85.8019
273
36.0898,-85.8019,36.1465,-85.2385

40
35.2085,-102.1671
35.2068,-101.6230
90
35.1866,-102.1671,35.2085,-101.6230

41
35.2070,-101.6230
35.2086,-102.1671
270
35.1867,-102.1671,35.2086,-101.6230

42
35.4604,-97.6715
35.3843,-97.1419
98
35.3843,-97.6715,35.4678,-97.1419

43
35.2268,-100.5386
35.2271,-100.0002
89
35.2268,-100.5386,35.2316,-100.0002

44
35.2268,-100.0003
35.2266,-100.5386
269
35.2266,-100.5386,35.2314,-100.0003

45
35.3841,-97.1421
35.4602,-97.6715
278
35.3838,-97.6715,35.4656,-97.1421

46
35.2068,-101.6230
35.1994,-101.0862
90
35.1994,-101.6230,35.2216,-101.0862

47
35.2070,-101.6230
35.1998,-101.0862
90
35.1998,-101.6230,35.2218,-101.0862

48
35.4319,-95.8754
35.4679,-95.3448
86
35.4319,-95.8754,35.4679,-95.3448

49
35.4326,-95.8754
35.4682,-95.3448
86
35.4325,-95.8754,35.4682,-95.3448

50
35.5365,-98.6233
35.4652,-99.1432
262
35.4652,-99.1432,35.5365,-98.6233

51
35.4652,-99.1429
35.5363,-98.6233
82
35.4652,-99.1429,35.5363,-98.6233

52
35.5406,-82.7659
35.6211,-82.2694
80
35.5406,-82.7659,35.6214,-82.2694

53
35.5407,-82.7659
35.6213,-82.2696
80
35.5407,-82.7659,35.6215,-82.2696

54
36.0897,-80.0407
36.0628,-79.5393
93
36.0315,-80.0407,36.0975,-79.5393

55
36.0630,-79.5393
36.0899,-80.0407
273
36.0320,-80.0407,36.0977,-79.5393

56
35.5913,-89.0728
35.7262,-88.6085
73
35.5913,-89.0728,35.7262,-88.6085

57
35.5911,-89.0728
35.7259,-88.6085
73
35.5911,-89.0728,35.7259,-88.6085

58
35.6292,-78.5664
35.2656,-78.3880
153
35.2656,-78.5801,35.6292,-78.3880

59
35.6290,-78.5666
35.2655,-78.3883
153
35.2655,-78.5804,35.6290,-78.3883

60
36.0789,-87.0388
36.1687,-86.5679
79
36.0739,-87.0388,36.1721,-86.5679

61
36.0802,-87.0387
36.1689,-86.5680
79
36.0741,-87.0387,36.1729,-86.5680

62
34.7190,-77.9452
35.0564,-78.1582
327
34.7190,-78.1582,35.0564,-77.9443

63
36.1689,-86.5680
36.1706,-86.0901
89
36.1667,-86.5680,36.1944,-86.0901

64
36.1704,-86.0900
36.1687,-86.5679
269
36.1664,-86.5679,36.1942,-86.0900

65
35.0560,-78.1582
34.7190,-77.9454
147
34.7190,-78.1582,35.0560,-77.9445

66
35.2375,-92.8542
35.3374,-93.2988
282
35.2375,-93.2988,35.3374,-92.8542

67
35.3369,-93.2988
35.2372,-92.8542
102
35.2372,-93.2988,35.3369,-92.8542

68
35.1531,-90.0686
35.2766,-89.6377
74
35.1499,-90.0686,35.2766,-89.6377

69
35.1530,-90.0684
35.2764,-89.6377
74
35.1497,-90.0684,35.2764,-89.6377

70
35.5001,-93.7055
35.3369,-93.2988
111
35.3369,-93.7055,35.5014,-93.2988

71
35.3374,-93.2988
35.5003,-93.7055
291
35.3374,-93.7055,35.5017,-93.2988

72
34.3641,-77.8884
34.7190,-77.9454
350
34.3641,-77.9488,34.7190,-77.8693

73
34.3641,-77.8882
34.7190,-77.9452
350
34.3641,-77.9485,34.7190,-77.8691

74
35.6940,-81.8614
35.7057,-81.4115
88
35.6904,-81.8614,35.7369,-81.4115

75
35.6937,-81.8613
35.7054,-81.4117
88
35.6902,-81.8613,35.7367,-81.4117

76
35.5406,-82.7659
35.7757,-83.0981
305
35.5399,-83.0981,35.7757,-82.7659

77
35.7758,-83.0979
35.5407,-82.7659
125
35.5400,-83.0979,35.7758,-82.7659

78
35.7259,-88.6085
35.8170,-88.1901
77
35.7259,-88.6085,35.8186,-88.1901

79
35.6213,-82.2696
35.6940,-81.8614
79
35.6163,-82.2696,35.6961,-81.8614

80
35.6211,-82.2694
35.6937,-81.8613
79
35.6162,-82.2694,35.6959,-81.8613

81
35.4513,-94.4414
35.5278,-94.0368
79
35.4513,-94.4414,35.5283,-94.0368

82
35.5281,-94.0369
35.4515,-94.4415
259
35.4515,-94.4415,35.5285,-94.0369

83
35.4004,-89.3990
35.5913,-89.0728
59
35.4004,-89.3990,35.5913,-89.0728

84
35.5911,-89.0728
35.4004,-89.3986
239
35.4004,-89.3986,35.5911,-89.0728

85
35.6292,-78.5664
35.8709,-78.8284
312
35.6292,-78.8284,35.8709,-78.5631

86
35.8707,-78.8284
35.6290,-78.5666
132
35.6290,-78.8284,35.8707,-78.5634

87
35.7432,-81.0749
35.8702,-80.7066
70
35.7432,-81.0749,35.8702,-80.7066

88
35.7431,-81.0747
35.8699,-80.7066
70
35.7431,-81.0747,35.8699,-80.7066

89
36.0899,-80.0407
36.0164,-80.4185
258
36.0164,-80.4185,36.0899,-80.0407

90
36.0163,-80.4184
36.0897,-80.0407
78
36.0163,-80.4184,36.0897,-80.0407

91
34.9316,-92.4145
34.7904,-92.0767
112
34.7767,-92.4145,34.9316,-92.0767

92
34.9316,-92.4139
34.7906,-92.0767
112
34.7774,-92.4139,34.9316,-92.0767

93
34.7906,-92.0767
34.8023,-91.6972
88
34.7906,-92.0767,34.8046,-91.6972

94
34.8020,-91.6972
34.7904,-92.0767
268
34.7904,-92.0767,34.8044,-91.6972

95
35.8798,-84.3369
35.8958,-84.7020
272
35.8601,-84.7020,35.9129,-84.3369

96
35.8800,-84.3368
35.8960,-84.7018
272
35.8603,-84.7018,35.9135,-84.3368

97
35.1307,-92.5148
35.2375,-92.8542
287
35.1307,-92.8542,35.2375,-92.5148

98
35.3840,-96.7767
35.3841,-97.1421
270
35.3763,-97.1421,35.3902,-96.7767

99
35.1304,-92.5149
35.2372,-92.8542
287
35.1304,-92.8542,35.2372,-92.5149

100
35.3843,-96.7767
35.3843,-97.1419
270
35.3765,-97.1419,35.3906,-96.7767

101
35.7262,-88.6085
35.8188,-88.2640
74
35.7262,-88.6085,35.8188,-88.2640

102
35.4278,-96.0876
35.3872,-96.4412
263
35.3861,-96.4412,35.4319,-96.0876

103
35.4275,-96.0876
35.3869,-96.4412
263
35.3859,-96.4412,35.4317,-96.0876

104
35.2655,-78.3883
35.0560,-78.1582
132
35.0560,-78.3883,35.2655,-78.1582

105
35.2656,-78.3880
35.0564,-78.1582
132
35.0564,-78.3880,35.2656,-78.1582

106
35.8699,-80.7066
36.0163,-80.4184
63
35.8699,-80.7066,36.0163,-80.4184

107
35.8702,-80.7066
36.0164,-80.4185
63
35.8702,-80.7066,36.0164,-80.4185

108
34.8020,-91.6972
34.8488,-91.3601
82
34.8020,-91.6972,34.8488,-91.3601

109
34.8023,-91.6972
34.8489,-91.3601
82
34.8023,-91.6972,34.8489,-91.3601

110
35.1479,-90.4093
35.1531,-90.0686
89
35.1477,-90.4093,35.1711,-90.0686

111
35.7054,-81.4117
35.7431,-81.0747
83
35.7027,-81.4117,35.7431,-81.0747

112
35.1480,-90.4086
35.1530,-90.0684
89
35.1474,-90.4086,35.1709,-90.0684

113
35.7057,-81.4115
35.7432,-81.0749
83
35.7030,-81.4115,35.7432,-81.0749

114
35.3840,-96.7767
35.3869,-96.4412
89
35.3802,-96.7767,35.3872,-96.4412

115
35.3872,-96.4412
35.3843,-96.7767
269
35.3805,-96.7767,35.3875,-96.4412

116
35.5003,-93.7055
35.5281,-94.0369
274
35.4999,-94.0369,35.5338,-93.7055

117
35.5278,-94.0368
35.5001,-93.7055
94
35.4996,-94.0368,35.5332,-93.7055

118
35.7758,-83.0979
35.9854,-83.2806
318
35.7758,-83.2806,35.9854,-83.0979

119
35.7757,-83.0981
35.9851,-83.2806
318
35.7757,-83.2806,35.9851,-83.0981

120
35.5229,-98.3065
35.5363,-98.6233
272
35.5229,-98.6233,35.5363,-98.3065

121
35.5231,-98.3065
35.5365,-98.6233
272
35.5231,-98.6233,35.5365,-98.3065

122
35.9884,-87.4906
36.0237,-87.1882
83
35.9884,-87.4906,36.0305,-87.1882

123
35.9884,-87.4901
36.0234,-87.1883
83
35.9884,-87.4901,36.0301,-87.1883

124
36.0749,-79.2609
35.9524,-79.0008
115
35.9524,-79.2609,36.0793,-79.0008

125
36.0751,-79.2609
35.9527,-79.0007
115
35.9527,-79.2609,36.0794,-79.0007

126
36.1402,-85.8020
36.1706,-86.0901
276
36.1386,-86.0901,36.1807,-85.8020

127
36.1704,-86.0900
36.1401,-85.8019
96
36.1383,-86.0900,36.1805,-85.8019

128
35.9854,-83.2806
35.9925,-83.5699
271
35.9854,-83.5699,36.0679,-83.2806

129
35.9921,-83.5693
35.9851,-83.2806
91
35.9851,-83.5693,36.0672,-83.2806

130
35.1832,-100.8213
35.2268,-100.5386
81
35.1832,-100.8213,35.2292,-100.5386

131
36.1053,-80.0402
36.0726,-80.3253
263
36.0726,-80.3253,36.1140,-80.0402

132
35.1832,-100.8204
35.2266,-100.5386
81
35.1832,-100.8204,35.2289,-100.5386

133
35.4004,-89.3986
35.2764,-89.6377
242
35.2764,-89.6377,35.4004,-89.3986

134
35.2766,-89.6377
35.4004,-89.3990
62
35.2766,-89.6377,35.4004,-89.3990

135
36.1054,-80.0402
36.0748,-80.3217
263
36.0748,-80.3217,36.1142,-80.0402

136
36.0630,-79.5393
36.0751,-79.2609
87
36.0599,-79.5393,36.0751,-79.2609

137
36.0628,-79.5393
36.0749,-79.2609
87
36.0598,-79.5393,36.0749,-79.2609

138
34.9316,-92.4139
35.1307,-92.5148
333
34.9316,-92.5148,35.1307,-92.4087

139
34.9316,-92.4145
35.1304,-92.5149
333
34.9316,-92.5149,35.1304,-92.4089

140
35.4679,-95.3448
35.4846,-95.1033
86
35.4679,-95.3448,35.4879,-95.1033

141
35.4846,-95.1033
35.4682,-95.3448
266
35.4682,-95.3448,35.4882,-95.1033

142
35.4203,-99.3643
35.4652,-99.1429
78
35.4203,-99.3643,35.4652,-99.1429

143
35.8738,-87.7117
35.8671,-87.9399
268
35.8636,-87.9399,35.8837,-87.7117

144
35.8672,-87.9398
35.8741,-87.7116
88
35.8639,-87.9398,35.8840,-87.7116

145
35.4212,-99.3643
35.4652,-99.1432
78
35.4212,-99.3643,35.4652,-99.1432

146
34.8489,-91.3601
34.9181,-91.1523
71
34.8489,-91.3601,34.9181,-91.1523

147
34.8488,-91.3601
34.9178,-91.1522
71
34.8488,-91.3601,34.9178,-91.1522

148
35.4326,-95.8754
35.4278,-96.0876
268
35.4278,-96.0876,35.4342,-95.8754

149
35.4275,-96.0876
35.4319,-95.8754
88
35.4274,-96.0876,35.4340,-95.8754

150
35.8709,-78.8284
35.9527,-79.0007
295
35.8709,-79.0007,35.9527,-78.8284

151
35.9524,-79.0008
35.8707,-78.8284
115
35.8707,-79.0008,35.9524,-78.8284

152
35.9619,-87.5478
35.8738,-87.7117
241
35.8738,-87.7117,35.9619,-87.5478

153
35.9590,-87.5510
35.8741,-87.7116
242
35.8741,-87.7116,35.9590,-87.5510

154
35.8671,-87.9399
35.8413,-88.0843
259
35.8413,-88.0843,35.8707,-87.9399

155
35.8415,-88.0843
35.8672,-87.9398
79
35.8415,-88.0843,35.8709,-87.9398

156
35.1828,-101.0071
35.1832,-100.8692
89
35.1788,-101.0071,35.1832,-100.8692

157
35.0405,-106.1316
35.0843,-106.2439
291
35.0405,-106.2439,35.0843,-106.1316

158
35.0405,-106.1325
35.0839,-106.2438
291
35.0405,-106.2438,35.0839,-106.1325

159
34.3641,-77.8882
34.2717,-77.8683
167
34.2717,-77.8882,34.3641,-77.8614

160
34.3641,-77.8884
34.2727,-77.8685
167
34.2727,-77.8884,34.3641,-77.8616

161
36.0481,-87.1440
36.0802,-87.0387
73
36.0481,-87.1440,36.0880,-87.0387

162
36.0789,-87.0388
36.0481,-87.1433
253
36.0481,-87.1433,36.0878,-87.0388

163
35.8187,-88.1790
35.8413,-88.0843
76
35.8186,-88.1790,35.8413,-88.0843

164
35.8189,-88.1790
35.8415,-88.0843
76
35.8188,-88.1790,35.8415,-88.0843

165
35.8798,-84.3369
35.8765,-84.2406
91
35.8685,-84.3369,35.8798,-84.2406

166
35.8767,-84.2408
35.8800,-84.3368
271
35.8688,-84.3368,35.8800,-84.2408

167
35.1998,-101.0862
35.1828,-101.0047
101
35.1828,-101.0862,35.1998,-101.0047

168
35.9865,-83.6509
35.9921,-83.5693
86
35.9820,-83.6509,35.9921,-83.5693

169
35.1828,-101.0071
35.1994,-101.0862
281
35.1828,-101.0862,35.1994,-101.0071

170
35.9871,-83.6509
35.9925,-83.5699
86
35.9825,-83.6509,35.9925,-83.5699

171
35.1829,-100.9078
35.1832,-100.9741
270
35.1829,-100.9741,35.1833,-100.9078

172
36.0234,-87.1883
36.0481,-87.1433
61
36.0234,-87.1883,36.0481,-87.1433

173
35.8184,-88.2456
35.8170,-88.1914
91
35.8149,-88.2456,35.8184,-88.1914

174
36.0237,-87.1882
36.0481,-87.1440
61
36.0236,-87.1882,36.0481,-87.1440

175
35.9708,-87.5319
35.9884,-87.4901
67
35.9708,-87.5319,35.9884,-87.4901

176
35.9716,-87.5315
35.9884,-87.4906
67
35.9716,-87.5315,35.9884,-87.4906

177
35.1832,-100.8605
35.1832,-100.8204
89
35.1792,-100.8605,35.1832,-100.8204

178
35.1824,-103.0425
35.1831,-103.0049
88
35.1808,-103.0425,35.1831,-103.0049

179
35.1829,-100.9078
35.1832,-100.8708
89
35.1792,-100.9078,35.1832,-100.8708

180
35.1832,-100.8213
35.1833,-100.8583
270
35.1795,-100.8583,35.1833,-100.8213

181
35.1828,-103.0425
35.1831,-103.0068
89
35.1811,-103.0425,35.1831,-103.0068

182
36.1053,-80.0402
36.0956,-80.0075
106
36.0956,-80.0402,36.1053,-80.0075

183
36.1054,-80.0402
36.0970,-80.0115
106
36.0970,-80.0402,36.1054,-80.0115

184
35.1832,-100.9741
35.1828,-101.0047
269
35.1813,-101.0047,35.1832,-100.9741

185
35.8188,-88.2640
35.8184,-88.2456
91
35.8184,-88.2640,35.8195,-88.2456

186
35.8170,-88.1914
35.8189,-88.1790
81
35.8170,-88.1914,35.8189,-88.1790

187
35.1832,-100.8708
35.1833,-100.8583
89
35.1832,-100.8708,35.1840,-100.8583

188
35.8187,-88.1790
35.8170,-88.1901
261
35.8170,-88.1901,35.8187,-88.1790

189
35.9662,-87.5401
35.9716,-87.5315
58
35.9662,-87.5401,35.9716,-87.5315

190
35.9661,-87.5393
35.9708,-87.5319
57
35.9661,-87.5393,35.9708,-87.5319

191
35.1832,-100.8692
35.1832,-100.8605
89
35.1832,-100.8692,35.1836,-100.8605

192
35.9637,-87.5453
35.9661,-87.5393
67
35.9637,-87.5453,35.9661,-87.5393

193
35.4846,-95.1033
35.4868,-95.0973
69
35.4846,-95.1033,35.4868,-95.0973

194
35.1709,-90.1920
35.1690,-90.1864
108
35.1690,-90.1920,35.1709,-90.1864

195
35.9618,-87.5485
35.9647,-87.5440
56
35.9618,-87.5485,35.9647,-87.5440

196
35.4868,-95.0973
35.4885,-95.0925
70
35.4868,-95.0973,35.4885,-95.0925

197
35.9647,-87.5440
35.9662,-87.5401
68
35.9647,-87.5440,35.9662,-87.5401

198
35.9594,-87.5507
35.9618,-87.5485
43
35.9594,-87.5507,35.9618,-87.5485

199
35.9619,-87.5478
35.9637,-87.5453
55
35.9619,-87.5478,35.9637,-87.5453

200
35.9594,-87.5507
35.9590,-87.5510
215
35.9590,-87.5510,35.9594,-87.5507

201
35.1711,-90.1922
35.1709,-90.1920
126
35.1709,-90.1922,35.1711,-90.1920