0
34.8858,-117.0138
34.7171,-114.4877
93

4
34.7172,-114.4878
35.1912,-113.3329
67

18
35.1912,-113.3329
35.2184,-112.4427
88

2r
35.2181,-112.4427
35.0424,-110.7507
95

14r
35.0424,-110.7507
35.0239,-109.8447
91

16
35.0243,-109.8447
35.363,-109.0468
66

10r
35.363,-109.0468
35.3053,-107.9903
93

12r
35.3053,-107.9906
34.9927,-107.0841
109

20
34.9929,-107.0842
35.0843,-106.2439
83

157r
35.0843,-106.2439
35.0405,-106.1316
111

22r
35.0405,-106.1325
34.9912,-105.2909
93

6
34.9914,-105.2909
35.08,-104.1251
85

8r
35.08,-104.1251
35.1828,-103.0425
84

178
35.1824,-103.0425
35.1831,-103.0049
88

24
35.1831,-103.0068
35.2086,-102.1671
88

40
35.2085,-102.1671
35.2068,-101.623
90

46
35.2068,-101.623
35.1994,-101.0862
90

167
35.1998,-101.0862
35.1828,-101.0047
101

156
35.1828,-101.0071
35.1832,-100.8692
89

177
35.1832,-100.8605
35.1832,-100.8204
89

130
35.1832,-100.8213
35.2268,-100.5386
81

43
35.2268,-100.5386
35.2271,-100.0002
89

28
35.2271,-100.0002
35.4212,-99.3643
73

142
35.4203,-99.3643
35.4652,-99.1429
78

50r
35.4652,-99.1432
35.5365,-98.6233
82

120r
35.5363,-98.6233
35.5229,-98.3065
92

32
35.5229,-98.3065
35.4602,-97.6715
95

42
35.4604,-97.6715
35.3843,-97.1419
98

98r
35.3841,-97.1421
35.384,-96.7767
90

114
35.384,-96.7767
35.3869,-96.4412
89

102r
35.3872,-96.4412
35.4278,-96.0876
83

148r
35.4278,-96.0876
35.4326,-95.8754
88

48
35.4319,-95.8754
35.4679,-95.3448
86

140
35.4679,-95.3448
35.4846,-95.1033
86

30
35.4885,-95.0925
35.4513,-94.4414
93

81
35.4513,-94.4414
35.5278,-94.0368
79

116r
35.5281,-94.0369
35.5003,-93.7055
94

70
35.5001,-93.7055
35.3369,-93.2988
111

66r
35.3374,-93.2988
35.2375,-92.8542
102

97r
35.2375,-92.8542
35.1307,-92.5148
107

138r
35.1307,-92.5148
34.9316,-92.4139
153

91
34.9316,-92.4145
34.7904,-92.0767
112

93
34.7906,-92.0767
34.8023,-91.6972
88

108
34.802,-91.6972
34.8488,-91.3601
82

146
34.8489,-91.3601
34.9181,-91.1523
71

26
34.9178,-91.1522
35.148,-90.4086
72

110
35.1479,-90.4093
35.1531,-90.0686
89

68
35.1531,-90.0686
35.2766,-89.6377
74

133r
35.2764,-89.6377
35.4004,-89.3986
62

83
35.4004,-89.399
35.5913,-89.0728
59

56
35.5913,-89.0728
35.7262,-88.6085
73

78
35.7259,-88.6085
35.817,-88.1901
77

163
35.8187,-88.179
35.8413,-88.0843
76

154r
35.8413,-88.0843
35.8671,-87.9399
79

143r
35.8671,-87.9399
35.8738,-87.7117
88

152r
35.8738,-87.7117
35.9619,-87.5478
61

189
35.9662,-87.5401
35.9716,-87.5315
58

175
35.9708,-87.5319
35.9884,-87.4901
67

122
35.9884,-87.4906
36.0237,-87.1882
83

172
36.0234,-87.1883
36.0481,-87.1433
61

161
36.0481,-87.144
36.0802,-87.0387
73

60
36.0789,-87.0388
36.1687,-86.5679
79

63
36.1689,-86.568
36.1706,-86.0901
89

126r
36.1706,-86.0901
36.1402,-85.802
96

38
36.1402,-85.802
36.1033,-85.2382
93

36
36.1033,-85.2385
35.8958,-84.702
111

95r
35.8958,-84.702
35.8798,-84.3369
92

165
35.8798,-84.3369
35.8765,-84.2406
91

34
35.8767,-84.2408
35.9871,-83.6509
79

168
35.9865,-83.6509
35.9921,-83.5693
86

128r
35.9925,-83.5699
35.9854,-83.2806
91

118r
35.9854,-83.2806
35.7758,-83.0979
138

76r
35.7757,-83.0981
35.5406,-82.7659
125

52
35.5406,-82.7659
35.6211,-82.2694
80

79
35.6213,-82.2696
35.694,-81.8614
79

74
35.694,-81.8614
35.7057,-81.4115
88

111
35.7054,-81.4117
35.7431,-81.0747
83

87
35.7432,-81.0749
35.8702,-80.7066
70

106
35.8699,-80.7066
36.0163,-80.4184
63

89r
36.0164,-80.4185
36.0899,-80.0407
78

54
36.0897,-80.0407
36.0628,-79.5393
93

136
36.063,-79.5393
36.0751,-79.2609
87

124
36.0749,-79.2609
35.9524,-79.0008
115

150r
35.9527,-79.0007
35.8709,-78.8284
115

85r
35.8709,-78.8284
35.6292,-78.5664
132

58
35.6292,-78.5664
35.2656,-78.388
153

104
35.2655,-78.3883
35.056,-78.1582
132

62r
35.0564,-78.1582
34.719,-77.9452
147

72r
34.719,-77.9454
34.3641,-77.8884
170

159
34.3641,-77.8882
34.2717,-77.8683
167
