4r
32.5424,-117.0297
33.3965,-117.5937
326

16r
33.3965,-117.5937
33.8748,-118.0114
318

66r
33.8745,-118.0114
34.0267,-118.2093
307

56
34.0265,-118.2083
34.2884,-118.4647
315

83
34.2971,-118.4735
34.3142,-118.4889
317

82r
34.3142,-118.4889
34.3404,-118.5195
310

71r
34.3399,-118.519
34.5021,-118.6275
326

77r
34.5021,-118.6275
34.5536,-118.6709
319

60
34.5536,-118.6709
34.8032,-118.8773
320

0r
34.8032,-118.8771
35.79,-119.7824
317

50r
36.0746,-120.0982
35.79,-119.7824
132

0
35.79,-119.7824
34.8032,-118.8771
137

60r
34.8032,-118.8773
34.5536,-118.6709
140

77
34.5536,-118.6709
34.5021,-118.6275
139

71
34.5021,-118.6275
34.3399,-118.519
146

82
34.3404,-118.5195
34.3142,-118.4889
130

83r
34.3142,-118.4889
34.2971,-118.4735
137

56r
34.2884,-118.4647
34.0265,-118.2083
135

66
34.0267,-118.2093
33.8745,-118.0114
127

16
33.8748,-118.0114
33.3965,-117.5937
138

4
33.3965,-117.5937
32.5424,-117.0297
146

113r
32.5444,-117.0313
32.5429,-117.0291
123

5r
32.5424,-117.0299
33.3963,-117.5937
326

17r
33.3963,-117.5937
33.8745,-118.0114
318

67r
33.8748,-118.0114
34.0265,-118.2083
307

59
34.0346,-118.2213
34.2871,-118.4633
316

84
34.2979,-118.4745
34.314,-118.489
318

86
34.3239,-118.5017
34.3367,-118.5126
319

72
34.3404,-118.5195
34.5021,-118.6275
326

78r
34.5021,-118.6275
34.5536,-118.6709
319

61
34.5536,-118.6709
34.8032,-118.8771
320

87
34.8032,-118.8773
34.8178,-118.8817
343

68r
34.8178,-118.8817
35.0052,-118.9515
339

88
35.0052,-118.9515
35.0193,-118.9582
334

3
35.0193,-118.9582
35.7899,-119.7828
313

51
35.7899,-119.7828
36.0744,-120.0985
312

6
36.0746,-120.0982
36.8551,-120.7771
318

34r
36.8549,-120.7773
37.2459,-121.089
321

42
37.2461,-121.0887
37.591,-121.3334
324

10r
37.5907,-121.3338
38.255,-121.4481
350

38
38.2551,-121.4478
38.6734,-121.6261
336

44
38.6731,-121.6258
38.9255,-122.0004
303

30
38.9255,-122.0001
39.3852,-122.1929
337

40
39.3852,-122.1929
39.7981,-122.2007
358

14
39.7981,-122.201
40.3763,-122.2848
351

64r
40.3763,-122.2848
40.6123,-122.3635
341

18
40.6123,-122.363
41.1849,-122.2884
7

8
41.1849,-122.2886
42.0054,-122.6157
338

12
42.0055,-122.6153
42.4243,-123.2293
304

57r
42.4239,-123.2293
42.725,-123.3722
334

97r
42.7258,-123.3717
42.7395,-123.3709
3

1r
42.7395,-123.3711
43.7538,-123.138
12

36
43.7536,-123.138
44.2001,-123.0605
9

22
44.2001,-123.0605
44.7378,-123.0525
0

20
44.7376,-123.053
45.2619,-122.7848
27

75
45.2614,-122.7848
45.3319,-122.7691
12

73
45.3319,-122.7696
45.439,-122.7437
13

69
45.4384,-122.7437
45.6181,-122.6751
20

62
45.6181,-122.6751
45.8908,-122.7335
347

28r
45.9007,-122.7399
46.3875,-122.9027
341

46
46.3875,-122.9027
46.7645,-122.9925
346

48
46.7645,-122.9925
47.0719,-122.704
43

54r
47.0717,-122.7039
47.2574,-122.3298
63

24r
47.2574,-122.3303
47.7776,-122.318
1

26r
47.7776,-122.3177
48.2976,-122.3034
1

52
48.2976,-122.304
48.6451,-122.3648
350

32r
48.6451,-122.3648
49.0021,-122.757
312
