0
35.7900,-119.7824
34.8032,-118.8771
137
34.8032,-119.7824,35.7900,-118.8627

1
43.7538,-123.1380
42.7395,-123.3711
192
42.7395,-123.3742,43.7538,-123.1380

2
42.7395,-123.3709
43.7536,-123.1380
12
42.7395,-123.3740,43.7537,-123.1380

3
35.0193,-118.9582
35.7899,-119.7828
313
35.0193,-119.7828,35.7899,-118.9582

4
33.3965,-117.5937
32.5424,-117.0297
146
32.5424,-117.5937,33.3965,-117.0297

5
33.3963,-117.5937
32.5424,-117.0299
146
32.5424,-117.5937,33.3963,-117.0299

6
36.0746,-120.0982
36.8551,-120.7771
318
36.0746,-120.7771,36.8551,-120.0982

7
36.8549,-120.7773
36.0744,-120.0985
138
36.0744,-120.7773,36.8549,-120.0985

8
41.1849,-122.2886
42.0054,-122.6157
338
41.1849,-122.6432,42.0054,-122.2581

9
41.1849,-122.2884
42.0055,-122.6153
338
41.1849,-122.6429,42.0055,-122.2577

10
38.2550,-121.4481
37.5907,-121.3338
170
37.5907,-121.4481,38.2550,-121.2778

11
37.5910,-121.3334
38.2551,-121.4478
350
37.5910,-121.4478,38.2551,-121.2775

12
42.0055,-122.6153
42.4243,-123.2293
304
42.0055,-123.2293,42.4342,-122.5978

13
42.4239,-123.2293
42.0054,-122.6157
124
42.0054,-123.2293,42.4341,-122.5989

14
39.7981,-122.2010
40.3763,-122.2848
351
39.7981,-122.2848,40.3763,-122.2000

15
39.7981,-122.2007
40.3763,-122.2846
351
39.7981,-122.2846,40.3763,-122.1997

16
33.8748,-118.0114
33.3965,-117.5937
138
33.3965,-118.0114,33.8748,-117.5937

17
33.8745,-118.0114
33.3963,-117.5937
138
33.3963,-118.0114,33.8745,-117.5937

18
40.6123,-122.3630
41.1849,-122.2884
7
40.6123,-122.4409,41.1849,-122.2884

19
40.6123,-122.3635
41.1849,-122.2886
7
40.6123,-122.4412,41.1849,-122.2886

20
44.7376,-123.0530
45.2619,-122.7848
27
44.7376,-123.0530,45.2619,-122.7848

21
45.2614,-122.7848
44.7378,-123.0525
207
44.7378,-123.0525,45.2614,-122.7848

22
44.2001,-123.0605
44.7378,-123.0525
0
44.2001,-123.0624,44.7378,-123.0518

23
44.2001,-123.0609
44.7376,-123.0530
0
44.2001,-123.0628,44.7376,-123.0521

24
47.7776,-122.3180
47.2574,-122.3303
181
47.2574,-122.3314,47.7776,-122.2642

25
47.7776,-122.3177
47.2574,-122.3298
181
47.2574,-122.3310,47.7776,-122.2633

26
48.2976,-122.3034
47.7776,-122.3177
181
47.7776,-122.3177,48.2976,-122.1739

27
48.2976,-122.3040
47.7776,-122.3180
181
47.7776,-122.3180,48.2976,-122.1742

28
46.3875,-122.9027
45.9007,-122.7399
161
45.9007,-122.9152,46.3875,-122.7399

29
45.9008,-122.7396
46.3875,-122.9026
341
45.9008,-122.9150,46.3875,-122.7396

30
38.9255,-122.0001
39.3852,-122.1929
337
38.9255,-122.1948,39.3852,-122.0001

31
38.9255,-122.0004
39.3852,-122.1932
337
38.9255,-122.1951,39.3852,-122.0004

32
49.0021,-122.7570
48.6451,-122.3648
132
48.6451,-122.7570,49.0021,-122.3648

33
48.6451,-122.3643
49.0021,-122.7560
312
48.6451,-122.7560,49.0021,-122.3643

34
37.2459,-121.0890
36.8549,-120.7773
141
36.8549,-121.0890,37.2459,-120.7773

35
36.8551,-120.7771
37.2461,-121.0887
321
36.8551,-121.0887,37.2461,-120.7771

36
43.7536,-123.1380
44.2001,-123.0605
9
43.7499,-123.1380,44.2001,-123.0053

37
44.2001,-123.0609
43.7538,-123.1380
189
43.7500,-123.1380,44.2001,-123.0056

38
38.2551,-121.4478
38.6734,-121.6261
336
38.2551,-121.6261,38.6734,-121.4478

39
38.2550,-121.4481
38.6731,-121.6258
336
38.2550,-121.6258,38.6731,-121.4481

40
39.3852,-122.1929
39.7981,-122.2007
358
39.3852,-122.2146,39.7981,-122.1928

41
39.3852,-122.1932
39.7981,-122.2010
358
39.3852,-122.2149,39.7981,-122.1932

42
37.2461,-121.0887
37.5910,-121.3334
324
37.2461,-121.3334,37.5910,-121.0887

43
37.5907,-121.3338
37.2459,-121.0890
144
37.2459,-121.3338,37.5907,-121.0890

44
38.6731,-121.6258
38.9255,-122.0004
303
38.6731,-122.0004,38.9255,-121.6258

45
38.6734,-121.6261
38.9255,-122.0001
303
38.6734,-122.0001,38.9255,-121.6261

46
46.3875,-122.9027
46.7645,-122.9925
346
46.3875,-122.9925,46.7645,-122.8767

47
46.3875,-122.9026
46.7645,-122.9923
346
46.3875,-122.9923,46.7645,-122.8765

48
46.7645,-122.9925
47.0719,-122.7040
43
46.7645,-123.0108,47.0719,-122.7040

49
46.7645,-122.9923
47.0717,-122.7039
43
46.7645,-123.0103,47.0717,-122.7039

50
35.7900,-119.7824
36.0746,-120.0982
312
35.7900,-120.0982,36.0746,-119.7824

51
35.7899,-119.7828
36.0744,-120.0985
312
35.7899,-120.0985,36.0744,-119.7828

52
48.2976,-122.3040
48.6451,-122.3648
350
48.2976,-122.3648,48.6451,-122.3040

53
48.2976,-122.3034
48.6451,-122.3643
350
48.2976,-122.3643,48.6451,-122.3034

54
47.2574,-122.3298
47.0717,-122.7039
243
47.0717,-122.7039,47.2574,-122.3298

55
47.0719,-122.7040
47.2574,-122.3303
63
47.0719,-122.7040,47.2574,-122.3303

56
34.0265,-118.2083
34.2884,-118.4647
315
34.0265,-118.4647,34.2884,-118.2083

57
42.7250,-123.3722
42.4239,-123.2293
154
42.4239,-123.3938,42.7250,-123.2293

58
42.7250,-123.3720
42.4243,-123.2293
154
42.4243,-123.3936,42.7250,-123.2293

59
34.0346,-118.2213
34.2871,-118.4633
316
34.0346,-118.4633,34.2871,-118.2141

60
34.5536,-118.6709
34.8032,-118.8773
320
34.5536,-118.8773,34.8032,-118.6709

61
34.5536,-118.6709
34.8032,-118.8771
320
34.5536,-118.8771,34.8032,-118.6709

62
45.6181,-122.6751
45.8908,-122.7335
347
45.6181,-122.7335,45.8908,-122.6527

63
45.8905,-122.7337
45.6182,-122.6753
167
45.6182,-122.7337,45.8905,-122.6530

64
40.6123,-122.3635
40.3763,-122.2848
161
40.3763,-122.3635,40.6123,-122.2809

65
40.3763,-122.2846
40.6123,-122.3630
341
40.3763,-122.3630,40.6123,-122.2805

66
34.0267,-118.2093
33.8745,-118.0114
127
33.8745,-118.2093,34.0267,-118.0114

67
34.0265,-118.2083
33.8748,-118.0114
127
33.8748,-118.2083,34.0265,-118.0114

68
35.0052,-118.9515
34.8178,-118.8817
159
34.8178,-118.9515,35.0052,-118.8630

69
45.4384,-122.7437
45.6181,-122.6751
20
45.4384,-122.7437,45.6181,-122.6651

70
45.6182,-122.6753
45.4390,-122.7437
200
45.4390,-122.7437,45.6182,-122.6653

71
34.5021,-118.6275
34.3399,-118.5190
146
34.3399,-118.6275,34.5021,-118.5190

72
34.3404,-118.5195
34.5021,-118.6275
326
34.3404,-118.6275,34.5021,-118.5195

73
45.3319,-122.7696
45.4390,-122.7437
13
45.3319,-122.7696,45.4390,-122.7437

74
45.3319,-122.7691
45.4061,-122.7440
18
45.3319,-122.7691,45.4061,-122.7440

75
45.2614,-122.7848
45.3319,-122.7691
12
45.2614,-122.7848,45.3319,-122.7691

76
45.3319,-122.7696
45.2619,-122.7848
192
45.2619,-122.7848,45.3319,-122.7695

77
34.5536,-118.6709
34.5021,-118.6275
139
34.5021,-118.6709,34.5536,-118.6275

78
34.5536,-118.6709
34.5021,-118.6275
139
34.5021,-118.6709,34.5536,-118.6275

79
32.9297,-117.2402
32.8915,-117.2272
161
32.8915,-117.2402,32.9297,-117.2236

80
33.7792,-117.8768
33.7514,-117.8457
131
33.7514,-117.8768,33.7792,-117.8457

81
33.7516,-117.8458
33.7793,-117.8766
311
33.7516,-117.8766,33.7793,-117.8458

82
34.3404,-118.5195
34.3142,-118.4889
130
34.3142,-118.5195,34.3404,-118.4889

83
34.2971,-118.4735
34.3142,-118.4889
317
34.2971,-118.4889,34.3142,-118.4735

84
34.2979,-118.4745
34.3140,-118.4890
318
34.2979,-118.4890,34.3140,-118.4745

85
45.4061,-122.7440
45.4254,-122.7440
359
45.4061,-122.7440,45.4254,-122.7438

86
34.3239,-118.5017
34.3367,-118.5126
319
34.3239,-118.5126,34.3367,-118.5017

87
34.8032,-118.8773
34.8178,-118.8817
343
34.8032,-118.8847,34.8178,-118.8773

88
35.0052,-118.9515
35.0193,-118.9582
334
35.0052,-118.9582,35.0193,-118.9515

89
35.0193,-118.9582
35.0052,-118.9515
154
35.0052,-118.9582,35.0193,-118.9515

90
34.3142,-118.4889
34.3246,-118.5020
308
34.3142,-118.5020,34.3246,-118.4889

91
34.3366,-118.5120
34.3246,-118.5020
139
34.3246,-118.5120,34.3366,-118.5020

92
34.3246,-118.5020
34.3366,-118.5120
319
34.3246,-118.5120,34.3366,-118.5020

93
34.3239,-118.5017
34.3140,-118.4890
127
34.3140,-118.5017,34.3239,-118.4890

94
34.3140,-118.4890
34.3239,-118.5017
307
34.3140,-118.5017,34.3239,-118.4890

95
34.2871,-118.4633
34.2979,-118.4745
313
34.2871,-118.4745,34.2979,-118.4633

96
34.2871,-118.4633
34.2979,-118.4745
313
34.2871,-118.4745,34.2979,-118.4633

97
42.7395,-123.3709
42.7258,-123.3717
183
42.7258,-123.3717,42.7395,-123.3692

98
42.7395,-123.3711
42.7261,-123.3717
182
42.7261,-123.3717,42.7395,-123.3693

99
34.0346,-118.2213
34.0265,-118.2083
121
34.0265,-118.2213,34.0346,-118.2083

100
34.0346,-118.2213
34.0267,-118.2093
123
34.0267,-118.2215,34.0346,-118.2093

101
34.0334,-118.2209
34.0267,-118.2093
120
34.0267,-118.2209,34.0334,-118.2093

102
34.2884,-118.4647
34.2971,-118.4735
315
34.2884,-118.4735,34.2971,-118.4647

103
34.2884,-118.4647
34.2971,-118.4735
315
34.2884,-118.4735,34.2971,-118.4647

104
45.4333,-122.7441
45.4254,-122.7440
179
45.4254,-122.7441,45.4333,-122.7440

105
34.3366,-118.5120
34.3404,-118.5195
297
34.3366,-118.5195,34.3404,-118.5120

106
45.8949,-122.7360
45.9008,-122.7396
328
45.8949,-122.7396,45.9008,-122.7360

107
45.9007,-122.7399
45.8948,-122.7363
148
45.8948,-122.7399,45.9007,-122.7363

108
34.3367,-118.5126
34.3399,-118.5190
296
34.3367,-118.5190,34.3399,-118.5126

109
34.3399,-118.5190
34.3367,-118.5126
116
34.3367,-118.5190,34.3399,-118.5126

110
45.4384,-122.7437
45.4333,-122.7441
183
45.4333,-122.7441,45.4384,-122.7437

111
45.8948,-122.7363
45.8905,-122.7337
148
45.8905,-122.7363,45.8948,-122.7337

112
45.8908,-122.7335
45.8949,-122.7360
329
45.8908,-122.7360,45.8949,-122.7335

113
32.5429,-117.0291
32.5444,-117.0313
303
32.5429,-117.0313,32.5444,-117.0291

114
42.7261,-123.3717
42.7250,-123.3722
203
42.7250,-123.3722,42.7261,-123.3717

115
42.7258,-123.3717
42.7250,-123.3720
200
42.7250,-123.3720,42.7258,-123.3717

116
34.3239,-118.5017
34.3246,-118.5020
337
34.3239,-118.5020,34.3246,-118.5017

117
32.5425,-117.0284
32.5429,-117.0291
297
32.5425,-117.0291,32.5429,-117.0284

118
34.3367,-118.5126
34.3366,-118.5120
98
34.3366,-118.5126,34.3367,-118.5120

119
32.5425,-117.0289
32.5429,-117.0291
343
32.5425,-117.0291,32.5429,-117.0289

120
40.4362,-122.2863
40.4363,-122.2864
340
40.4362,-122.2864,40.4363,-122.2863