227
37.7703,-122.4058
37.7867,-122.3902
43

215r
37.7867,-122.3902
37.8106,-122.3645
46

185
37.8188,-122.3496
37.8979,-122.3091
27

158r
37.8979,-122.3091
38.061,-122.2252
27

182r
38.061,-122.2252
38.155,-122.2146
6

229
38.155,-122.2146
38.1682,-122.2015
44

41r
38.1682,-122.2015
38.5376,-121.7384
51

168r
38.5376,-121.7384
38.5987,-121.5476
72

138
38.5987,-121.5476
38.7218,-121.2934
64

16
38.7218,-121.2934
39.3154,-120.6173
48

201
39.3154,-120.6249
39.3156,-120.5553
89

181
39.3156,-120.5567
39.3162,-120.4354
89

91
39.3162,-120.4371
39.4451,-120.0105
73

221
39.4451,-120.0105
39.4682,-120.0029
18

34r
39.4682,-120.0029
39.618,-119.2935
78

148r
39.6182,-119.286
39.74,-119.06
61

56
39.74,-119.06
39.9985,-118.6803
55

8r
39.9985,-118.6803
40.8578,-117.9522
40

18
40.8578,-117.9528
40.7063,-117.0186
99

113
40.7063,-117.0186
40.6857,-116.5958
92

105r
40.6853,-116.5958
40.7091,-116.1577
86

2r
40.7091,-116.1577
40.738,-114.0437
89

4r
40.738,-114.0437
40.7234,-112.2248
90

43r
40.7235,-112.225
40.7537,-111.6235
87

24r
40.7537,-111.6235
41.2482,-111.0468
49

14
41.2482,-111.0468
41.4649,-110.0489
77

0r
41.4644,-110.0489
41.764,-107.5054
83

6
41.764,-107.5054
41.5307,-106.0714
99

20r
41.5317,-106.0714
41.1169,-105.2789
117

10r
41.1164,-105.2789
41.1806,-104.0534
86

39
41.1809,-104.0534
41.2204,-103.3761
86

30r
41.2202,-103.3761
41.1137,-102.6106
97

49r
41.1137,-102.6106
41.0533,-102.0556
96

28
41.0533,-102.0556
41.1169,-101.2703
85

12
41.1169,-101.2703
40.9421,-100.2244
99

22r
40.9423,-100.2244
40.693,-99.4166
107

35
40.693,-99.4166
40.7224,-98.7215
87

94
40.7221,-98.7215
40.821,-98.2826
77

92r
40.821,-98.2826
40.821,-97.8258
89

89r
40.8213,-97.8258
40.8216,-97.3684
89

87r
40.8214,-97.3684
40.8204,-96.9107
90

73
40.8206,-96.9107
40.9217,-96.4637
77

162
40.9213,-96.4637
41.0266,-96.2969
57

144
41.0266,-96.2969
41.1906,-96.1009
50

170
41.1906,-96.1013
41.2319,-95.9108
77

26r
41.2316,-95.9109
41.4982,-95.1553
70

101r
41.4984,-95.1553
41.4971,-94.7005
90

83
41.4968,-94.7005
41.4933,-94.2416
90

217r
41.4933,-94.2416
41.5035,-94.2088
72

107r
41.5035,-94.2092
41.5923,-93.7906
78

98
41.5923,-93.7906
41.681,-93.3485
78

45r
41.681,-93.3485
41.6955,-92.7664
88

69r
41.6953,-92.7664
41.6957,-92.2998
89

71r
41.6959,-92.2998
41.6874,-91.8341
91

67
41.6872,-91.8342
41.666,-91.3663
92

65
41.666,-91.3663
41.6329,-90.8995
94

51r
41.6331,-90.8995
41.5796,-90.3646
95

195r
41.5795,-90.3647
41.5114,-90.3412
161

193r
41.5115,-90.3409
41.4405,-90.3297
171

61r
41.4405,-90.3301
41.3937,-89.8569
95

37r
41.3937,-89.8569
41.3648,-89.1646
92

47r
41.3646,-89.1646
41.3764,-88.5938
88

130r
41.3764,-88.5938
41.4629,-88.2522
75

63
41.4631,-88.2522
41.5511,-87.7926
79

151r
41.5509,-87.7926
41.577,-87.5253
84
