0
41.7640,-107.5054
41.4644,-110.0489
263
41.4644,-110.0489,41.7640,-107.5054

1
41.4649,-110.0489
41.7645,-107.5054
83
41.4649,-110.0489,41.7645,-107.5054

2
40.7380,-114.0437
40.7091,-116.1577
269
40.7091,-116.1577,41.1127,-114.0437

3
40.7094,-116.1577
40.7381,-114.0437
89
40.7094,-116.1577,41.1131,-114.0437

4
40.7234,-112.2248
40.7380,-114.0437
270
40.6621,-114.0437,40.8227,-112.2248

5
40.7381,-114.0437
40.7235,-112.2250
90
40.6626,-114.0437,40.8231,-112.2250

6
41.7640,-107.5054
41.5307,-106.0714
99
41.5307,-107.5054,41.7893,-106.0714

7
41.7645,-107.5054
41.5317,-106.0714
99
41.5317,-107.5054,41.7896,-106.0714

8
40.8578,-117.9522
39.9985,-118.6803
220
39.9985,-118.6803,40.8578,-117.9522

9
40.8578,-117.9529
39.9985,-118.6808
220
39.9985,-118.6808,40.8578,-117.9529

10
41.1806,-104.0534
41.1164,-105.2789
266
41.0951,-105.2789,41.1806,-104.0534

11
41.1169,-105.2789
41.1809,-104.0534
87
41.0953,-105.2789,41.1809,-104.0534

12
41.1169,-101.2703
40.9421,-100.2244
99
40.9421,-101.2703,41.1404,-100.2244

13
41.1171,-101.2703
40.9423,-100.2244
99
40.9423,-101.2703,41.1407,-100.2244

14
41.2482,-111.0468
41.4649,-110.0489
77
41.2467,-111.0468,41.4649,-110.0489

15
41.2477,-111.0468
41.4644,-110.0489
77
41.2463,-111.0468,41.4644,-110.0489

16
38.7218,-121.2934
39.3154,-120.6173
48
38.7218,-121.2934,39.3154,-120.6173

17
39.3154,-120.6249
38.7218,-121.2938
228
38.7218,-121.2938,39.3154,-120.6249

18
40.8578,-117.9528
40.7063,-117.0186
99
40.7063,-117.9528,41.0262,-117.0186

19
40.7055,-117.0186
40.8578,-117.9522
279
40.7055,-117.9522,41.0259,-117.0186

20
41.1169,-105.2789
41.5317,-106.0714
297
41.1169,-106.0714,41.5317,-105.2789

21
41.1164,-105.2789
41.5307,-106.0714
297
41.1164,-106.0714,41.5307,-105.2789

22
40.6930,-99.4166
40.9423,-100.2244
287
40.6905,-100.2244,40.9423,-99.4166

23
40.9421,-100.2244
40.6927,-99.4166
107
40.6902,-100.2244,40.9421,-99.4166

24
41.2482,-111.0468
40.7537,-111.6235
229
40.7217,-111.6235,41.2500,-111.0468

25
40.7535,-111.6235
41.2477,-111.0468
49
40.7214,-111.6235,41.2497,-111.0468

26
41.4982,-95.1553
41.2316,-95.9109
250
41.2289,-95.9109,41.5002,-95.1553

27
41.2319,-95.9108
41.4984,-95.1553
70
41.2302,-95.9108,41.5004,-95.1553

28
41.0533,-102.0556
41.1169,-101.2703
85
41.0533,-102.0556,41.1204,-101.2703

29
41.0536,-102.0556
41.1171,-101.2703
85
41.0536,-102.0556,41.1207,-101.2703

30
41.1137,-102.6106
41.2202,-103.3761
277
41.1127,-103.3761,41.2202,-102.6106

31
41.2204,-103.3761
41.1139,-102.6106
97
41.1129,-103.3761,41.2204,-102.6106

32
41.1487,-78.7954
40.9679,-78.0842
104
40.9613,-78.7954,41.1487,-78.0842

33
41.1491,-78.7952
40.9683,-78.0845
104
40.9626,-78.7952,41.1491,-78.0845

34
39.6180,-119.2935
39.4682,-120.0029
258
39.4682,-120.0029,39.6180,-119.2935

35
40.6930,-99.4166
40.7224,-98.7215
87
40.6694,-99.4166,40.7229,-98.7215

36
40.7221,-98.7215
40.6927,-99.4166
267
40.6691,-99.4166,40.7227,-98.7215

37
41.3648,-89.1646
41.3937,-89.8569
272
41.3646,-89.8569,41.4007,-89.1646

38
41.3646,-89.1646
41.3935,-89.8569
272
41.3644,-89.8569,41.4005,-89.1646

39
41.1809,-104.0534
41.2204,-103.3761
86
41.1809,-104.0534,41.2224,-103.3761

40
41.2202,-103.3761
41.1806,-104.0534
266
41.1806,-104.0534,41.2221,-103.3761

41
38.5376,-121.7384
38.1682,-122.2015
231
38.1682,-122.2015,38.5376,-121.7384

42
38.5304,-121.7509
38.1683,-122.2019
231
38.1683,-122.2019,38.5304,-121.7509

43
40.7537,-111.6235
40.7235,-112.2250
267
40.7110,-112.2250,40.7712,-111.6235

44
40.7234,-112.2248
40.7535,-111.6235
87
40.7109,-112.2248,40.7709,-111.6235

45
41.6955,-92.7664
41.6810,-93.3485
268
41.6800,-93.3485,41.6999,-92.7664

46
41.6807,-93.3485
41.6953,-92.7664
88
41.6798,-93.3485,41.6997,-92.7664

47
41.3764,-88.5938
41.3646,-89.1646
268
41.3646,-89.1646,41.3773,-88.5938

48
41.3648,-89.1646
41.3766,-88.5938
88
41.3648,-89.1646,41.3775,-88.5938

49
41.0533,-102.0556
41.1137,-102.6106
276
41.0263,-102.6106,41.1137,-102.0556

50
39.7046,-119.0982
39.9985,-118.6808
54
39.7046,-119.0982,39.9985,-118.6808

51
41.5796,-90.3646
41.6331,-90.8995
275
41.5796,-90.8995,41.6331,-90.3646

52
41.6329,-90.8995
41.5795,-90.3647
95
41.5795,-90.8995,41.6329,-90.3647

53
40.9679,-78.0842
41.0242,-77.5611
83
40.9438,-78.0842,41.0245,-77.5611

54
40.9683,-78.0845
41.0250,-77.5617
83
40.9445,-78.0845,41.0251,-77.5617

55
41.1846,-80.5190
41.2025,-79.9994
88
41.1804,-80.5190,41.2027,-79.9994

56
39.7400,-119.0600
39.9985,-118.6803
55
39.7400,-119.0600,39.9985,-118.6803

57
41.3433,-82.3447
41.3502,-82.8440
270
41.3228,-82.8440,41.3502,-82.3447

58
41.3435,-82.3447
41.3504,-82.8440
270
41.3230,-82.8440,41.3504,-82.3447

59
41.6019,-84.3812
41.6000,-83.8825
90
41.5876,-84.3812,41.6019,-83.8825

60
41.5998,-83.8825
41.6017,-84.3812
270
41.5873,-84.3812,41.6017,-83.8825

61
41.3937,-89.8569
41.4405,-90.3301
275
41.3937,-90.3301,41.4410,-89.8569

62
41.4402,-90.3296
41.3935,-89.8569
95
41.3935,-90.3296,41.4407,-89.8569

63
41.4631,-88.2522
41.5511,-87.7926
79
41.4631,-88.2522,41.5533,-87.7926

64
41.4629,-88.2522
41.5509,-87.7926
79
41.4629,-88.2522,41.5531,-87.7926

65
41.6660,-91.3663
41.6329,-90.8995
94
41.6329,-91.3663,41.6660,-90.8995

66
41.6331,-90.8995
41.6662,-91.3663
274
41.6331,-91.3663,41.6662,-90.8995

67
41.6872,-91.8342
41.6660,-91.3663
92
41.6660,-91.8342,41.6952,-91.3663

68
41.6874,-91.8341
41.6662,-91.3663
92
41.6662,-91.8341,41.6954,-91.3663

69
41.6957,-92.2998
41.6953,-92.7664
269
41.6945,-92.7664,41.6965,-92.2998

70
41.6955,-92.7664
41.6959,-92.2998
89
41.6947,-92.7664,41.6967,-92.2998

71
41.6874,-91.8341
41.6959,-92.2998
271
41.6871,-92.2998,41.6964,-91.8341

72
41.6872,-91.8342
41.6957,-92.2998
271
41.6869,-92.2998,41.6962,-91.8342

73
40.8206,-96.9107
40.9217,-96.4637
77
40.8160,-96.9107,40.9217,-96.4637

74
40.9213,-96.4637
40.8204,-96.9107
257
40.8154,-96.9107,40.9213,-96.4637

75
41.0773,-75.5899
40.9891,-75.1399
101
40.9788,-75.5899,41.0786,-75.1399

76
41.7504,-85.6597
41.7564,-85.1966
89
41.7399,-85.6597,41.7569,-85.1966

77
41.7502,-85.6597
41.7561,-85.1966
89
41.7396,-85.6597,41.7567,-85.1966

78
41.0770,-75.5897
40.9892,-75.1402
101
40.9787,-75.5897,41.0781,-75.1402

79
41.7419,-86.5245
41.7311,-86.0622
91
41.7158,-86.5245,41.7558,-86.0622

80
41.7313,-86.0622
41.7422,-86.5245
271
41.7160,-86.5245,41.7560,-86.0622

81
41.4579,-83.2836
41.3502,-82.8440
103
41.3502,-83.2836,41.4579,-82.8440

82
41.3504,-82.8440
41.4579,-83.2832
283
41.3504,-83.2832,41.4579,-82.8440

83
41.4968,-94.7005
41.4933,-94.2416
90
41.4929,-94.7005,41.4968,-94.2416

84
41.4935,-94.2416
41.4971,-94.7005
270
41.4931,-94.7005,41.4971,-94.2416

85
41.1857,-79.6689
41.1894,-79.2101
89
41.1725,-79.6689,41.2000,-79.2101

86
41.1897,-79.2101
41.1861,-79.6686
269
41.1730,-79.6686,41.2004,-79.2101

87
40.8204,-96.9107
40.8214,-97.3684
270
40.8204,-97.3684,40.8224,-96.9107

88
40.8206,-96.9107
40.8216,-97.3684
270
40.8206,-97.3684,40.8226,-96.9107

89
40.8216,-97.3684
40.8213,-97.8258
269
40.8212,-97.8258,40.8222,-97.3684

90
40.8210,-97.8258
40.8214,-97.3684
89
40.8210,-97.8258,40.8219,-97.3684

91
39.3162,-120.4371
39.4451,-120.0105
73
39.3162,-120.4371,39.4451,-120.0105

92
40.8210,-97.8258
40.8210,-98.2826
269
40.8205,-98.2826,40.8221,-97.8258

93
40.8212,-98.2826
40.8213,-97.8258
89
40.8208,-98.2826,40.8223,-97.8258

94
40.7221,-98.7215
40.8210,-98.2826
77
40.7214,-98.7215,40.8256,-98.2826

95
40.7224,-98.7215
40.8212,-98.2826
77
40.7217,-98.7215,40.8259,-98.2826

96
41.0126,-76.2234
41.0557,-75.7703
84
41.0037,-76.2234,41.0631,-75.7703

97
41.0555,-75.7703
41.0122,-76.2233
264
41.0035,-76.2233,41.0621,-75.7703

98
41.5923,-93.7906
41.6810,-93.3485
78
41.5923,-93.7906,41.6810,-93.3485

99
41.6807,-93.3485
41.5921,-93.7906
258
41.5921,-93.7906,41.6807,-93.3485

100
39.3162,-120.4354
39.4451,-120.0103
73
39.3162,-120.4354,39.4451,-120.0103

101
41.4971,-94.7005
41.4984,-95.1553
270
41.4964,-95.1553,41.4987,-94.7005

102
41.4968,-94.7005
41.4982,-95.1553
270
41.4961,-95.1553,41.4985,-94.7005

103
41.7422,-86.5245
41.5855,-86.9315
248
41.5855,-86.9315,41.7422,-86.5245

104
41.5854,-86.9315
41.7419,-86.5245
68
41.5854,-86.9315,41.7419,-86.5245

105
40.7091,-116.1577
40.6853,-116.5958
266
40.6376,-116.5958,40.7091,-116.1577

106
40.7094,-116.1577
40.6857,-116.5958
266
40.6378,-116.5958,40.7094,-116.1577

107
41.5923,-93.7906
41.5035,-94.2092
258
41.5035,-94.2092,41.5923,-93.7906

108
40.9133,-74.7602
40.8669,-74.3311
96
40.8585,-74.7602,40.9133,-74.3311

109
41.5035,-94.2088
41.5921,-93.7906
78
41.5035,-94.2088,41.5921,-93.7906

110
40.8669,-74.3317
40.9134,-74.7601
276
40.8592,-74.7601,40.9134,-74.3317

111
41.6017,-84.3812
41.6284,-84.8057
273
41.6017,-84.8057,41.6307,-84.3812

112
41.6019,-84.3812
41.6287,-84.8057
273
41.6019,-84.8057,41.6309,-84.3812

113
40.7063,-117.0186
40.6857,-116.5958
92
40.6108,-117.0186,40.7063,-116.5958

114
40.6853,-116.5958
40.7055,-117.0186
272
40.6104,-117.0186,40.7055,-116.5958

115
41.6287,-84.8057
41.7564,-85.1966
288
41.6282,-85.1966,41.7564,-84.8057

116
41.6284,-84.8057
41.7561,-85.1966
288
41.6279,-85.1966,41.7561,-84.8057

117
41.0250,-77.5617
41.0461,-77.1437
87
41.0250,-77.5617,41.0695,-77.1437

118
41.1897,-79.2101
41.1491,-78.7952
95
41.1381,-79.2101,41.1897,-78.7952

119
41.1487,-78.7954
41.1894,-79.2101
275
41.1360,-79.2101,41.1894,-78.7954

120
41.0242,-77.5611
41.0446,-77.1442
87
41.0242,-77.5611,41.0689,-77.1442

121
41.7311,-86.0622
41.7502,-85.6597
87
41.7287,-86.0622,41.7502,-85.6597

122
41.7313,-86.0622
41.7504,-85.6597
87
41.7289,-86.0622,41.7504,-85.6597

123
39.4680,-120.0029
39.5312,-119.6088
80
39.4680,-120.0029,39.5373,-119.6088

124
41.2414,-81.0029
41.2544,-81.3919
271
41.2414,-81.3919,41.2564,-81.0029

125
41.2542,-81.3919
41.2412,-81.0029
91
41.2412,-81.3919,41.2562,-81.0029

126
41.2029,-79.9994
41.1836,-80.3852
267
41.1807,-80.3852,41.2031,-79.9994

127
41.3435,-82.3447
41.3693,-81.9710
86
41.3435,-82.3447,41.3920,-81.9710

128
41.3433,-82.3447
41.3691,-81.9710
86
41.3433,-82.3447,41.3918,-81.9710

129
40.9769,-75.1355
40.9163,-74.7752
99
40.9163,-75.1355,40.9769,-74.7752

130
41.4629,-88.2522
41.3764,-88.5938
255
41.3764,-88.5938,41.4629,-88.2522

131
40.9250,-74.7845
40.9770,-75.1354
278
40.9169,-75.1354,40.9770,-74.7845

132
41.0545,-102.4102
41.0536,-102.0556
90
41.0273,-102.4102,41.0545,-102.0556

133
41.3693,-81.9710
41.2775,-81.6415
105
41.2775,-81.9710,41.3695,-81.6415

134
41.2775,-81.6420
41.3691,-81.9710
285
41.2775,-81.9710,41.3693,-81.6420

135
41.0036,-76.5656
41.0122,-76.2233
88
41.0036,-76.5656,41.0389,-76.2233

136
41.0040,-76.5657
41.0126,-76.2234
88
41.0040,-76.5657,41.0392,-76.2234

137
41.3766,-88.5938
41.4616,-88.2986
73
41.3766,-88.5938,41.4616,-88.2986

138
38.5987,-121.5476
38.7218,-121.2934
64
38.5987,-121.5476,38.7218,-121.2934

139
38.5988,-121.5479
38.7218,-121.2938
64
38.5988,-121.5479,38.7218,-121.2938

140
41.5896,-87.2219
41.5855,-86.9315
90
41.5706,-87.2219,41.5896,-86.9315

141
41.5893,-87.2219
41.5854,-86.9315
90
41.5703,-87.2219,41.5893,-86.9315

142
41.0446,-77.1442
41.0516,-76.8564
88
41.0401,-77.1442,41.0768,-76.8564

143
41.0461,-77.1437
41.0520,-76.8565
88
41.0411,-77.1437,41.0775,-76.8565

144
41.0266,-96.2969
41.1906,-96.1009
50
41.0266,-96.2969,41.1906,-96.1009

145
41.0268,-96.2973
41.1906,-96.1013
50
41.0268,-96.2973,41.1906,-96.1013

146
41.6000,-83.8825
41.5803,-83.6064
94
41.5803,-83.8825,41.6027,-83.6064

147
41.5998,-83.8825
41.5801,-83.6066
94
41.5801,-83.8825,41.6025,-83.6066

148
39.7400,-119.0600
39.6182,-119.2860
241
39.6128,-119.2860,39.7400,-119.0600

149
41.1727,-79.7291
41.2029,-79.9994
276
41.1727,-79.9994,41.2048,-79.7291

150
41.1727,-79.7303
41.2025,-79.9994
276
41.1727,-79.9994,41.2042,-79.7303

151
41.5770,-87.5253
41.5509,-87.7926
264
41.5509,-87.7926,41.5829,-87.5253

152
41.5511,-87.7926
41.5771,-87.5253
84
41.5511,-87.7926,41.5836,-87.5253

153
39.6176,-119.2938
39.5637,-119.5409
257
39.5637,-119.5409,39.6176,-119.2938

154
41.2775,-81.6420
41.2542,-81.3919
95
41.2519,-81.6420,41.2775,-81.3919

155
41.2775,-81.6415
41.2544,-81.3919
95
41.2524,-81.6415,41.2775,-81.3919

156
41.1849,-80.5190
41.1340,-80.7368
256
41.1340,-80.7368,41.1849,-80.5190

157
41.1341,-80.7360
41.1846,-80.5190
76
41.1341,-80.7360,41.1846,-80.5190

158
38.0610,-122.2252
37.8979,-122.3091
207
37.8979,-122.3306,38.0610,-122.2247

159
38.0611,-122.2264
37.8979,-122.3093
206
37.8979,-122.3308,38.0611,-122.2261

160
39.6185,-119.2858
39.7046,-119.0982
65
39.6131,-119.2858,39.7046,-119.0982

161
41.1139,-102.6106
41.0545,-102.4102
106
41.0545,-102.6106,41.1139,-102.4102

162
40.9213,-96.4637
41.0266,-96.2969
57
40.9213,-96.4637,41.0266,-96.2969

163
40.9217,-96.4637
41.0268,-96.2973
57
40.9217,-96.4637,41.0268,-96.2973

164
41.5801,-83.6066
41.5101,-83.4146
110
41.5101,-83.6066,41.5801,-83.4146

165
41.5803,-83.6064
41.5103,-83.4146
110
41.5103,-83.6064,41.5803,-83.4146

166
41.0096,-76.7755
41.0036,-76.5656
91
40.9857,-76.7755,41.0096,-76.5656

167
41.0100,-76.7753
41.0040,-76.5657
91
40.9864,-76.7753,41.0100,-76.5657

168
38.5987,-121.5476
38.5376,-121.7384
252
38.5376,-121.7384,38.5987,-121.5476

169
38.5988,-121.5479
38.5377,-121.7386
252
38.5377,-121.7386,38.5988,-121.5479

170
41.1906,-96.1013
41.2319,-95.9108
77
41.1906,-96.1013,41.2319,-95.9108

171
41.1906,-96.1009
41.2316,-95.9109
77
41.1906,-96.1009,41.2316,-95.9109

172
41.2414,-81.0029
41.1343,-80.8650
127
41.1343,-81.0029,41.2414,-80.8650

173
41.1343,-80.8654
41.2412,-81.0029
307
41.1343,-81.0029,41.2412,-80.8654

174
41.0555,-75.7703
41.0770,-75.5897
83
41.0555,-75.7703,41.0832,-75.5897

175
41.0773,-75.5899
41.0557,-75.7703
263
41.0557,-75.7703,41.0837,-75.5899

176
38.5714,-121.5158
38.6466,-121.3768
61
38.5589,-121.5158,38.6466,-121.3768

177
38.5589,-121.4733
38.6439,-121.3785
48
38.5589,-121.4733,38.6439,-121.3785

178
41.1836,-80.3852
41.1849,-80.5190
270
41.1810,-80.5190,41.1854,-80.3852

179
40.9021,-74.1335
40.8944,-74.2665
266
40.8944,-74.2665,40.9089,-74.1335

180
40.8942,-74.2664
40.9019,-74.1335
86
40.8942,-74.2664,40.9087,-74.1335

181
39.3156,-120.5567
39.3162,-120.4354
89
39.3043,-120.5567,39.3162,-120.4354

182
38.1550,-122.2146
38.0610,-122.2252
186
38.0610,-122.2333,38.1550,-122.2146

183
38.0611,-122.2264
38.1550,-122.2149
6
38.0611,-122.2335,38.1550,-122.2149

184
39.3156,-120.5553
39.3162,-120.4371
89
39.3054,-120.5553,39.3162,-120.4371

185
37.8188,-122.3496
37.8979,-122.3091
27
37.8188,-122.3496,37.8979,-122.2933

186
37.8979,-122.3093
37.8192,-122.3498
207
37.8192,-122.3498,37.8979,-122.2940

187
41.1101,-80.8381
41.1341,-80.7360
76
41.1098,-80.8381,41.1341,-80.7360

188
41.1340,-80.7368
41.1101,-80.8378
256
41.1101,-80.8378,41.1340,-80.7368

189
40.9031,-74.0941
40.8668,-74.0055
112
40.8648,-74.0941,40.9031,-74.0055

190
40.9031,-74.0941
40.8661,-74.0059
112
40.8642,-74.0941,40.9031,-74.0059

191
41.0100,-76.7753
41.0520,-76.8565
297
41.0100,-76.8565,41.0520,-76.7753

192
41.0516,-76.8564
41.0096,-76.7755
117
41.0096,-76.8564,41.0516,-76.7755

193
41.4405,-90.3297
41.5115,-90.3409
351
41.4405,-90.3409,41.5115,-90.3297

194
41.5114,-90.3412
41.4405,-90.3301
171
41.4405,-90.3412,41.5114,-90.3301

195
41.5114,-90.3412
41.5795,-90.3647
341
41.5114,-90.3647,41.5795,-90.3412

196
41.5115,-90.3409
41.5796,-90.3646
340
41.5115,-90.3646,41.5796,-90.3409

197
39.5312,-119.6088
39.5637,-119.5409
64
39.5312,-119.6088,39.5637,-119.5409

198
40.8944,-74.2665
40.8669,-74.3317
247
40.8669,-74.3317,40.8944,-74.2665

199
40.8669,-74.3311
40.8942,-74.2664
67
40.8669,-74.3311,40.8942,-74.2664

200
40.9021,-74.1335
40.8839,-74.0665
105
40.8839,-74.1335,40.9044,-74.0665

201
39.3154,-120.6249
39.3156,-120.5553
89
39.3154,-120.6249,39.3313,-120.5553

202
40.8839,-74.0665
40.8681,-74.0040
104
40.8649,-74.0665,40.8839,-74.0040

203
40.8684,-74.0040
40.8839,-74.0665
283
40.8654,-74.0665,40.8839,-74.0040

204
41.5005,-83.3912
41.4765,-83.3385
114
41.4765,-83.3912,41.5005,-83.3385

205
39.3156,-120.5567
39.3154,-120.6173
269
39.3154,-120.6173,39.3302,-120.5567

206
41.5005,-83.3907
41.4767,-83.3385
114
41.4767,-83.3907,41.5005,-83.3385

207
41.4579,-83.2832
41.4767,-83.3385
288
41.4579,-83.3385,41.4767,-83.2832

208
41.4765,-83.3385
41.4579,-83.2836
108
41.4579,-83.3385,41.4765,-83.2836

209
38.5749,-121.5724
38.5713,-121.5160
93
38.5713,-121.5724,38.5770,-121.5160

210
38.5714,-121.5158
38.5755,-121.5701
274
38.5714,-121.5701,38.5772,-121.5158

211
41.4616,-88.2986
41.4631,-88.2522
88
41.4616,-88.2986,41.4631,-88.2522

212
38.5713,-121.5160
38.5587,-121.4734
106
38.5587,-121.5160,38.5713,-121.4734

213
41.1343,-80.8654
41.1101,-80.8381
131
41.1101,-80.8654,41.1343,-80.8381

214
41.1101,-80.8378
41.1343,-80.8650
311
41.1101,-80.8650,41.1343,-80.8378

215
37.8106,-122.3645
37.7867,-122.3902
226
37.7867,-122.3902,37.8106,-122.3645

216
40.9019,-74.1335
40.9031,-74.0941
88
40.9010,-74.1335,40.9042,-74.0941

217
41.5035,-94.2088
41.4933,-94.2416
252
41.4933,-94.2416,41.5035,-94.2088

218
41.4935,-94.2416
41.5035,-94.2092
72
41.4935,-94.2416,41.5035,-94.2092

219
41.1729,-79.6986
41.1727,-79.7303
269
41.1694,-79.7303,41.1729,-79.6986

220
41.1729,-79.6987
41.1727,-79.7291
269
41.1697,-79.7291,41.1729,-79.6987

221
39.4451,-120.0105
39.4682,-120.0029
18
39.4451,-120.0105,39.4682,-120.0029

222
39.4451,-120.0103
39.4680,-120.0029
18
39.4451,-120.0103,39.4680,-120.0029

223
41.1740,-79.6980
41.1846,-79.6731
66
41.1740,-79.6980,41.1846,-79.6731

224
41.1740,-79.6979
41.1843,-79.6731
67
41.1740,-79.6979,41.1843,-79.6731

225
41.5103,-83.4146
41.5005,-83.3907
112
41.5005,-83.4146,41.5103,-83.3907

226
41.5101,-83.4146
41.5005,-83.3912
112
41.5005,-83.4146,41.5101,-83.3912

227
37.7703,-122.4058
37.7867,-122.3902
43
37.7703,-122.4068,37.7867,-122.3902

228
37.7867,-122.3902
37.7704,-122.4054
223
37.7704,-122.4065,37.7867,-122.3902

229
38.1550,-122.2146
38.1682,-122.2015
44
38.1550,-122.2146,38.1682,-122.2015

230
38.1550,-122.2149
38.1683,-122.2019
44
38.1550,-122.2149,38.1683,-122.2019

231
37.8264,-122.3009
37.8234,-122.3198
261
37.8234,-122.3198,37.8264,-122.3009

232
37.8192,-122.3498
37.8106,-122.3645
239
37.8106,-122.3645,37.8192,-122.3498

233
37.8106,-122.3645
37.8188,-122.3496
61
37.8106,-122.3645,37.8188,-122.3496

234
40.9169,-74.7759
40.9134,-74.7601
102
40.9134,-74.7759,40.9169,-74.7601

235
40.9769,-75.1355
40.9892,-75.1402
339
40.9769,-75.1402,40.9892,-75.1355

236
40.9163,-74.7752
40.9133,-74.7602
101
40.9133,-74.7752,40.9163,-74.7602

237
38.5304,-121.7509
38.5377,-121.7386
59
38.5304,-121.7509,38.5377,-121.7386

238
40.9770,-75.1354
40.9855,-75.1383
341
40.9770,-75.1383,40.9855,-75.1354

239
41.5861,-87.2316
41.5896,-87.2219
70
41.5861,-87.2340,41.5932,-87.2219

240
41.5861,-87.2315
41.5893,-87.2219
71
41.5861,-87.2336,41.5922,-87.2219

241
39.6182,-119.2860
39.6176,-119.2938
266
39.6176,-119.2938,39.6182,-119.2860

242
39.6180,-119.2935
39.6185,-119.2858
86
39.6180,-119.2935,39.6185,-119.2858

243
40.9215,-74.7808
40.9169,-74.7759
132
40.9169,-74.7808,40.9215,-74.7759

244
40.9250,-74.7845
40.9215,-74.7808
132
40.9215,-74.7845,40.9250,-74.7808

245
40.9855,-75.1383
40.9891,-75.1399
336
40.9855,-75.1399,40.9891,-75.1383

246
40.9855,-75.1383
40.9891,-75.1399
336
40.9855,-75.1399,40.9891,-75.1383

247
41.1861,-79.6686
41.1846,-79.6731
252
41.1846,-79.6731,41.1861,-79.6686

248
41.1843,-79.6731
41.1857,-79.6689
70
41.1843,-79.6731,41.1857,-79.6689

249
40.9892,-75.1402
40.9897,-75.1427
280
40.9892,-75.1427,40.9897,-75.1402

250
41.1740,-79.6980
41.1729,-79.6987
214
41.1729,-79.6987,41.1740,-79.6980

251
41.1729,-79.6986
41.1740,-79.6979
33
41.1729,-79.6986,41.1740,-79.6979

252
41.4405,-90.3301
41.4402,-90.3296
119
41.4402,-90.3301,41.4405,-90.3296

253
41.1101,-80.8378
41.1101,-80.8381
264
41.1101,-80.8381,41.1101,-80.8378

254
41.4402,-90.3296
41.4405,-90.3297
342
41.4402,-90.3297,41.4405,-90.3296

255
41.0545,-102.4102
41.0543,-102.4103
191
41.0543,-102.4103,41.0545,-102.4102

256
41.5861,-87.2315
41.5859,-87.2314
164
41.5859,-87.2315,41.5861,-87.2313

257
40.9891,-75.1399
40.9892,-75.1402
289
40.9891,-75.1402,40.9892,-75.1399

258
41.5770,-87.5253
41.5771,-87.5253
1
41.5672,-87.5253,41.5861,-87.2314

259
41.5861,-87.2316
41.5861,-87.2315
66
41.5861,-87.2316,41.5861,-87.2315