# major pain!
# I decided to put in #--- lines
# to show where the joints were made
# very short segments done by hand
# last two done by starting in Tumwater

LA
34.0396,-118.2221

13
34.0335,-118.2208
34.1525,-118.8146
281

11r
34.1523,-118.8149
34.3445,-119.42
287

# turned around in Carpinteria
#---------------

132
34.3445,-119.42
34.3696,-119.4544
306

155
34.3697,-119.4542
34.3767,-119.4782
286

23
34.3763,-119.4779
34.4331,-119.9126
277

90r
34.4333,-119.9123
34.4606,-120.0011
287

107
34.4606,-120.0011
34.4645,-120.0742
273

75
34.4654,-120.0675
34.4734,-120.2031
273

122
34.4734,-120.1986
34.5119,-120.2231
327

20r
34.5119,-120.2231
34.8628,-120.3937
334

65r
34.8627,-120.394
34.9853,-120.4331
342

69
34.9853,-120.4331
35.0759,-120.5215
315

110
35.0754,-120.5202
35.1151,-120.5713
307

48r
35.1149,-120.5717
35.2919,-120.6465
337

14
35.2917,-120.6473
35.7387,-120.7001
353

105
35.7386,-120.7005
35.7911,-120.7316
329

9r
35.7911,-120.7314
36.1995,-121.1532
314

63
36.198,-121.1516
36.3114,-121.2327
324

31
36.311,-121.232
36.5259,-121.4683
312

51
36.525,-121.4676
36.6604,-121.6228
311

42r
36.6604,-121.6228
36.857,-121.6301
357

88
36.8569,-121.63
36.9094,-121.5558
54

97
36.9174,-121.5481
36.9841,-121.5589
350

4r
36.9825,-121.5582
37.4529,-122.1278
309

25r
37.4527,-122.1279
37.7083,-122.3951
313

# turned around after
# a very short piece 242r 26
#---------------

29r
37.8254,-122.4792
38.1211,-122.5658
343

94r
38.1209,-122.5655
38.1854,-122.6007
331

134r
38.1853,-122.6009
38.2202,-122.6068
350

2
38.2175,-122.6038
38.8527,-123.0319
326

101
38.8582,-123.0382
38.9167,-123.0579
341

54
38.9167,-123.0579
39.0566,-123.1588
324

143
39.0566,-123.1588
39.0818,-123.1811
318

62
39.0814,-123.1806
39.2108,-123.2044
349

#----------------------

58
39.2641,-123.2269
39.3758,-123.3257
318

163
39.3758,-123.3257
39.3842,-123.3434
295

#----------------------

86
40.0337,-123.7849
40.1125,-123.7927
354

138
40.1125,-123.7927
40.1442,-123.805
338

130
40.1442,-123.805
40.177,-123.7812
36

38
40.182,-123.7761
40.3576,-123.9223
320

123
40.357,-123.9232
40.3965,-123.9446
331

73
40.3964,-123.9439
40.4544,-124.0636
295

60
40.4543,-124.0638
40.572,-124.1489
324

45
40.5718,-124.1487
40.7609,-124.1899
347

128
40.7608,-124.1901
40.7998,-124.175
21

78
40.8,-124.175
40.8573,-124.0822
58

32
40.8574,-124.0825
41.1375,-124.1434
347

120
41.1372,-124.144
41.1675,-124.1031
53

47
41.1675,-124.1031
41.3489,-124.0268
22

67
41.3489,-124.0268
41.4648,-124.0419
352

118
41.4648,-124.0376
41.5104,-124.0293
10

148
41.5104,-124.0293
41.5302,-124.0407
330

152
41.5335,-124.044
41.5525,-124.0545
331

103
41.555,-124.0558
41.602,-124.1
316

165
41.602,-124.1
41.6161,-124.107
333

76
41.6161,-124.107
41.718,-124.1369
343

160
41.718,-124.1369
41.734,-124.1497
321

176r
41.7396,-124.1614
41.734,-124.1497
115

161r
41.734,-124.1497
41.718,-124.1369
141
> 

#----------------------

133
41.7758,-124.1850
41.7999,-124.1505
55

#----------------------

145
41.9585,-124.2038
41.9861,-124.2048
357

92r
41.9984,-124.2083
42.0545,-124.2656
314

0r
42.0548,-124.2667
42.9538,-124.4387
349

53
42.9538,-124.4387
43.119,-124.4014
12

37
43.122,-124.3985
43.2892,-124.222
46

158
43.2892,-124.222
43.3067,-124.2115
31

162
43.3067,-124.2115
43.3234,-124.206
18

180
43.3297,-124.2011
43.3397,-124.1985
14

175
43.3445,-124.1977
43.3554,-124.2023
336

153
43.3565,-124.2119
43.3769,-124.2151
351

149
43.3769,-124.2151
43.3981,-124.2207
345

41
43.4114,-124.2241
43.6114,-124.1809
12

35r
43.6114,-124.1809
43.8636,-124.1388
9

18
43.8636,-124.1388
44.2762,-124.1131
3

7
44.2762,-124.1131
44.8434,-124.0479
6

#----------------------

172
44.8628,-124.0371
44.8506,-124.0438
208

44
44.8628,-124.0371
45.0457,-123.955
24

19
45.0457,-123.955
45.4476,-123.8423
15

168
45.4578,-123.844
45.4721,-123.8443
358

27r
45.4778,-123.8445
45.7831,-123.9574
339

55
45.7831,-123.9574
45.938,-123.9211
13

36
45.9421,-123.9195
46.1828,-123.861
13

113
46.1831,-123.8605
46.2349,-123.8719
347

8r
46.2349,-123.8719
46.7928,-123.7394
13

57
46.7928,-123.7394
46.9302,-123.7223
7

85
46.9344,-123.7268
46.9747,-123.8147
294

114
46.9706,-123.8249
46.9806,-123.8857
279

6
46.9932,-123.894
47.5336,-124.2188
328

104
47.5336,-124.2188
47.5335,-124.2926
269

139r
47.5335,-124.2926
47.5336,-124.3343
270

22
47.5336,-124.3343
47.8812,-124.352
357

1r
47.8812,-124.352
48.1183,-123.4316
75

146r
48.1183,-123.4316
48.1067,-123.4018
111

115r
48.1067,-123.4018
48.1024,-123.3407
93

108r
48.1024,-123.3407
48.0931,-123.269
97

93r
48.0931,-123.269
48.0806,-123.1796
97

150
48.0785,-123.1664
48.0747,-123.1395
98

56r
48.0747,-123.1395
48.0503,-122.9492
97

16r
48.0503,-122.9492
47.6068,-122.9885
185

17r
47.6068,-122.9885
47.1796,-123.0985
194

80r
47.1796,-123.0985
47.0907,-123.075
165

99r
47.0907,-123.075
47.0551,-123.0064
117

82
47.056,-123.0097
47.0228,-122.9097
108